0.01 0 0.768964 0 0 -0.768964 0
0.02 0 1.56069 0 0 -1.56069 0
0.03 0 2.36883 0 0 -2.36883 0
0.04 0 3.19387 0 0 -3.19387 0
0.05 0 4.03648 0 0 -4.03648 0
0.06 0 4.89728 0 0 -4.89728 0
0.07 0 5.77693 0 0 -5.77693 0
0.08 0 6.67604 0 0 -6.67604 0
0.09 0 7.59524 0 0 -7.59524 0
0.1 0 8.53512 0 0 -8.53512 0
0.11 0 9.49623 0 0 -9.49623 0
0.12 0 10.4791 0 0 -10.4791 0
0.13 0 11.4843 0 0 -11.4843 0
0.14 0 12.5121 0 0 -12.5121 0
0.15 0 13.5631 0 0 -13.5631 0
0.16 0 14.6376 0 0 -14.6376 0
0.17 0 15.7358 0 0 -15.7358 0
0.18 0 16.858 0 0 -16.858 0
0.19 0 18.0044 0 0 -18.0044 0
0.2 0 19.175 0 0 -19.175 0
0.21 0 20.3699 0 0 -20.3699 0
0.22 0 21.5891 0 0 -21.5891 0
0.23 0 22.8324 0 0 -22.8324 0
0.24 0 24.0997 0 0 -24.0997 0
0.25 0 25.3907 0 0 -25.3907 0
0.26 0 26.7052 0 0 -26.7052 0
0.27 0 28.0428 0 0 -28.0428 0
0.28 0 29.4031 0 0 -29.4031 0
0.29 0 30.7857 0 0 -30.7857 0
0.3 0 32.19 0 0 -32.19 0
0.31 0 33.6156 0 0 -33.6156 0
0.32 0 35.0619 0 0 -35.0619 0
0.33 0 36.5284 0 0 -36.5284 0
0.34 0 38.0143 0 0 -38.0143 0
0.35 0 39.5192 0 0 -39.5192 0
0.36 0 41.0424 0 0 -41.0424 0
0.37 0 42.5833 0 0 -42.5833 0
0.38 0 44.1413 0 0 -44.1413 0
0.39 0 45.7157 0 0 -45.7157 0
0.4 0 47.3059 0 0 -47.3059 0
0.41 0 48.9113 0 0 -48.9113 0
0.42 0 50.5313 0 0 -50.5313 0
0.43 0 52.1654 0 0 -52.1654 0
0.44 0 53.8129 0 0 -53.8129 0
0.45 0 55.4733 0 0 -55.4733 0
0.46 0 57.1461 0 0 -57.1461 0
0.47 0 58.8307 0 0 -58.8307 0
0.48 0 60.5266 0 0 -60.5266 0
0.49 0 62.2334 0 0 -62.2334 0
0.5 0 63.9506 0 0 -63.9506 0
0.51 0 65.6778 0 0 -65.6778 0
0.52 0 67.4144 0 0 -67.4144 0
0.53 0 69.1602 0 0 -69.1602 0
0.54 0 70.9147 0 0 -70.9147 0
0.55 0 72.6774 0 0 -72.6774 0
0.56 0 74.4482 0 0 -74.4482 0
0.57 0 76.2266 0 0 -76.2266 0
0.58 0 78.0123 0 0 -78.0123 0
0.59 0 79.8049 0 0 -79.8049 0
0.6 0 81.6043 0 0 -81.6043 0
0.61 0 83.4101 0 0 -83.4101 0
0.62 0 85.2219 0 0 -85.2219 0
0.63 0 87.0397 0 0 -87.0397 0
0.64 0 88.8631 0 0 -88.8631 0
0.65 0 90.6919 0 0 -90.6919 0
0.66 0 92.5259 0 0 -92.5259 0
0.67 0 94.3648 0 0 -94.3648 0
0.68 0 96.2085 0 0 -96.2085 0
0.69 0 98.0568 0 0 -98.0568 0
0.7 0 99.9094 0 0 -99.9094 0
0.71 0 101.766 0 0 -101.766 0
0.72 0 103.627 0 0 -103.627 0
0.73 0 105.492 0 0 -105.492 0
0.74 0 107.36 0 0 -107.36 0
0.75 0 109.233 0 0 -109.233 0
0.76 0 111.108 0 0 -111.108 0
0.77 0 112.987 0 0 -112.987 0
0.78 0 114.869 0 0 -114.869 0
0.79 0 116.754 0 0 -116.754 0
0.8 0 118.642 0 0 -118.642 0
0.81 0 120.533 0 0 -120.533 0
0.82 0 122.427 0 0 -122.427 0
0.83 0 124.324 0 0 -124.324 0
0.84 0 126.222 0 0 -126.222 0
0.85 0 128.124 0 0 -128.124 0
0.86 0 130.028 0 0 -130.028 0
0.87 0 131.934 0 0 -131.934 0
0.88 0 133.842 0 0 -133.842 0
0.89 0 135.753 0 0 -135.753 0
0.9 0 137.665 0 0 -137.665 0
0.91 0 139.58 0 0 -139.58 0
0.92 0 141.496 0 0 -141.496 0
0.93 0 143.415 0 0 -143.415 0
0.94 0 145.335 0 0 -145.335 0
0.95 0 147.257 0 0 -147.257 0
0.96 0 149.181 0 0 -149.181 0
0.97 0 151.106 0 0 -151.106 0
0.98 0 153.033 0 0 -153.033 0
0.99 0 154.961 0 0 -154.961 0
1 0 156.891 0 0 -156.891 0
1.01 0 156.892 0 0 -156.892 0
1.02 0 156.918 0 0 -156.918 0
1.03 0 156.944 0 0 -156.944 0
1.04 0 156.97 0 0 -156.97 0
1.05 0 156.996 0 0 -156.996 0
1.06 0 157.022 0 0 -157.022 0
1.07 0 157.048 0 0 -157.048 0
1.08 0 157.074 0 0 -157.074 0
1.09 0 157.1 0 0 -157.1 0
1.1 0 157.126 0 0 -157.126 0
1.11 0 157.152 0 0 -157.152 0
1.12 0 157.178 0 0 -157.178 0
1.13 0 157.205 0 0 -157.205 0
1.14 0 157.231 0 0 -157.231 0
1.15 0 157.257 0 0 -157.257 0
1.16 0 157.283 0 0 -157.283 0
1.17 0 157.309 0 0 -157.309 0
1.18 0 157.335 0 0 -157.335 0
1.19 0 157.361 0 0 -157.361 0
1.2 0 157.387 0 0 -157.387 0
1.21 0 157.413 0 0 -157.413 0
1.22 0 157.439 0 0 -157.439 0
1.23 0 157.466 0 0 -157.466 0
1.24 0 157.492 0 0 -157.492 0
1.25 0 157.518 0 0 -157.518 0
1.26 0 157.544 0 0 -157.544 0
1.27 0 157.57 0 0 -157.57 0
1.28 0 157.596 0 0 -157.596 0
1.29 0 157.622 0 0 -157.622 0
1.3 0 157.648 0 0 -157.648 0
1.31 0 157.675 0 0 -157.675 0
1.32 0 157.701 0 0 -157.701 0
1.33 0 157.727 0 0 -157.727 0
1.34 0 157.753 0 0 -157.753 0
1.35 0 157.779 0 0 -157.779 0
1.36 0 157.805 0 0 -157.805 0
1.37 0 157.831 0 0 -157.831 0
1.38 0 157.858 0 0 -157.858 0
1.39 0 157.884 0 0 -157.884 0
1.4 0 157.91 0 0 -157.91 0
1.41 0 157.936 0 0 -157.936 0
1.42 0 157.962 0 0 -157.962 0
1.43 0 157.988 0 0 -157.988 0
1.44 0 158.015 0 0 -158.015 0
1.45 0 158.041 0 0 -158.041 0
1.46 0 158.067 0 0 -158.067 0
1.47 0 158.093 0 0 -158.093 0
1.48 0 158.119 0 0 -158.119 0
1.49 0 158.146 0 0 -158.146 0
1.5 0 158.172 0 0 -158.172 0
1.51 0 158.198 0 0 -158.198 0
1.52 0 158.224 0 0 -158.224 0
1.53 0 158.25 0 0 -158.25 0
1.54 0 158.277 0 0 -158.277 0
1.55 0 158.303 0 0 -158.303 0
1.56 0 158.329 0 0 -158.329 0
1.57 0 158.355 0 0 -158.355 0
1.58 0 158.382 0 0 -158.382 0
1.59 0 158.408 0 0 -158.408 0
1.6 0 158.434 0 0 -158.434 0
1.61 0 158.46 0 0 -158.46 0
1.62 0 158.487 0 0 -158.487 0
1.63 0 158.513 0 0 -158.513 0
1.64 0 158.539 0 0 -158.539 0
1.65 0 158.565 0 0 -158.565 0
1.66 0 158.592 0 0 -158.592 0
1.67 0 158.618 0 0 -158.618 0
1.68 0 158.644 0 0 -158.644 0
1.69 0 158.67 0 0 -158.67 0
1.7 0 158.697 0 0 -158.697 0
1.71 0 158.723 0 0 -158.723 0
1.72 0 158.749 0 0 -158.749 0
1.73 0 158.776 0 0 -158.776 0
1.74 0 158.802 0 0 -158.802 0
1.75 0 158.828 0 0 -158.828 0
1.76 0 158.854 0 0 -158.854 0
1.77 0 158.881 0 0 -158.881 0
1.78 0 158.907 0 0 -158.907 0
1.79 0 158.933 0 0 -158.933 0
1.8 0 158.96 0 0 -158.96 0
1.81 0 158.986 0 0 -158.986 0
1.82 0 159.012 0 0 -159.012 0
1.83 0 159.039 0 0 -159.039 0
1.84 0 159.065 0 0 -159.065 0
1.85 0 159.091 0 0 -159.091 0
1.86 0 159.118 0 0 -159.118 0
1.87 0 159.144 0 0 -159.144 0
1.88 0 159.17 0 0 -159.17 0
1.89 0 159.197 0 0 -159.197 0
1.9 0 159.223 0 0 -159.223 0
1.91 0 159.248 0 0 -159.248 0
1.92 0 159.272 0 0 -159.272 0
1.93 0 159.295 0 0 -159.295 0
1.94 0 159.319 0 0 -159.319 0
1.95 0 159.343 0 0 -159.343 0
1.96 0 159.366 0 0 -159.366 0
1.97 0 159.39 0 0 -159.39 0
1.98 0 159.414 0 0 -159.414 0
1.99 0 159.438 0 0 -159.438 0
2 0 159.461 0 0 -159.461 0
2.01 0 159.485 0 0 -159.485 0
2.02 0 159.509 0 0 -159.509 0
2.03 0 159.533 0 0 -159.533 0
2.04 0 159.556 0 0 -159.556 0
2.05 0 159.58 0 0 -159.58 0
2.06 0 159.605 0 0 -159.605 0
2.07 0 159.631 0 0 -159.631 0
2.08 0 159.658 0 0 -159.658 0
2.09 0 159.684 0 0 -159.684 0
2.1 0 159.711 0 0 -159.711 0
2.11 0 159.737 0 0 -159.737 0
2.12 0 159.763 0 0 -159.763 0
2.13 0 159.79 0 0 -159.79 0
2.14 0 159.816 0 0 -159.816 0
2.15 0 159.843 0 0 -159.843 0
2.16 0 159.869 0 0 -159.869 0
2.17 0 159.896 0 0 -159.896 0
2.18 0 159.922 0 0 -159.922 0
2.19 0 159.948 0 0 -159.948 0
2.2 0 159.975 0 0 -159.975 0
2.21 0 160.001 0 0 -160.001 0
2.22 0 160.028 0 0 -160.028 0
2.23 0 160.054 0 0 -160.054 0
2.24 0 160.081 0 0 -160.081 0
2.25 0 160.107 0 0 -160.107 0
2.26 0 160.134 0 0 -160.134 0
2.27 0 160.16 0 0 -160.16 0
2.28 0 160.187 0 0 -160.187 0
2.29 0 160.213 0 0 -160.213 0
2.3 0 160.24 0 0 -160.24 0
2.31 0 160.266 0 0 -160.266 0
2.32 0 160.293 0 0 -160.293 0
2.33 0 160.319 0 0 -160.319 0
2.34 0 160.345 0 0 -160.345 0
2.35 0 160.372 0 0 -160.372 0
2.36 0 160.398 0 0 -160.398 0
2.37 0 160.421 0 0 -160.421 0
2.38 0 160.445 0 0 -160.445 0
2.39 0 160.469 0 0 -160.469 0
2.4 0 160.493 0 0 -160.493 0
2.41 0 160.517 0 0 -160.517 0
2.42 0 160.541 0 0 -160.541 0
2.43 0 160.565 0 0 -160.565 0
2.44 0 160.588 0 0 -160.588 0
2.45 0 160.612 0 0 -160.612 0
2.46 0 160.636 0 0 -160.636 0
2.47 0 160.66 0 0 -160.66 0
2.48 0 160.684 0 0 -160.684 0
2.49 0 160.708 0 0 -160.708 0
2.5 0 160.732 0 0 -160.732 0
2.51 0 160.756 0 0 -160.756 0
2.52 0 160.783 0 0 -160.783 0
2.53 0 160.809 0 0 -160.809 0
2.54 0 160.836 0 0 -160.836 0
2.55 0 160.863 0 0 -160.863 0
2.56 0 160.889 0 0 -160.889 0
2.57 0 160.916 0 0 -160.916 0
2.58 0 160.942 0 0 -160.942 0
2.59 0 160.969 0 0 -160.969 0
2.6 0 160.995 0 0 -160.995 0
2.61 0 161.022 0 0 -161.022 0
2.62 0 161.049 0 0 -161.049 0
2.63 0 161.075 0 0 -161.075 0
2.64 0 161.102 0 0 -161.102 0
2.65 0 161.128 0 0 -161.128 0
2.66 0 161.155 0 0 -161.155 0
2.67 0 161.181 0 0 -161.181 0
2.68 0 161.208 0 0 -161.208 0
2.69 0 161.235 0 0 -161.235 0
2.7 0 161.261 0 0 -161.261 0
2.71 0 161.288 0 0 -161.288 0
2.72 0 161.314 0 0 -161.314 0
2.73 0 161.341 0 0 -161.341 0
2.74 0 161.368 0 0 -161.368 0
2.75 0 161.394 0 0 -161.394 0
2.76 0 161.421 0 0 -161.421 0
2.77 0 161.448 0 0 -161.448 0
2.78 0 161.474 0 0 -161.474 0
2.79 0 161.501 0 0 -161.501 0
2.8 0 161.528 0 0 -161.528 0
2.81 0 161.554 0 0 -161.554 0
2.82 0 161.578 0 0 -161.578 0
2.83 0 161.602 0 0 -161.602 0
2.84 0 161.626 0 0 -161.626 0
2.85 0 161.65 0 0 -161.65 0
2.86 0 161.674 0 0 -161.674 0
2.87 0 161.698 0 0 -161.698 0
2.88 0 161.722 0 0 -161.722 0
2.89 0 161.746 0 0 -161.746 0
2.9 0 161.77 0 0 -161.77 0
2.91 0 161.794 0 0 -161.794 0
2.92 0 161.818 0 0 -161.818 0
2.93 0 161.842 0 0 -161.842 0
2.94 0 161.866 0 0 -161.866 0
2.95 0 161.89 0 0 -161.89 0
2.96 0 161.914 0 0 -161.914 0
2.97 0 161.938 0 0 -161.938 0
2.98 0 161.962 0 0 -161.962 0
2.99 0 161.986 0 0 -161.986 0
3 0 162.01 0 0 -162.01 0
3.01 0 162.034 0 0 -162.034 0
3.02 0 162.058 0 0 -162.058 0
3.03 0 162.082 0 0 -162.082 0
3.04 0 162.106 0 0 -162.106 0
3.05 0 162.13 0 0 -162.13 0
3.06 0 162.154 0 0 -162.154 0
3.07 0 162.178 0 0 -162.178 0
3.08 0 162.202 0 0 -162.202 0
3.09 0 162.227 0 0 -162.227 0
3.1 0 162.251 0 0 -162.251 0
3.11 0 162.275 0 0 -162.275 0
3.12 0 162.301 0 0 -162.301 0
3.13 0 162.328 0 0 -162.328 0
3.14 0 162.355 0 0 -162.355 0
3.15 0 162.381 0 0 -162.381 0
3.16 0 162.408 0 0 -162.408 0
3.17 0 162.435 0 0 -162.435 0
3.18 0 162.462 0 0 -162.462 0
3.19 0 162.489 0 0 -162.489 0
3.2 0 162.515 0 0 -162.515 0
3.21 0 162.542 0 0 -162.542 0
3.22 0 162.569 0 0 -162.569 0
3.23 0 162.596 0 0 -162.596 0
3.24 0 162.622 0 0 -162.622 0
3.25 0 162.649 0 0 -162.649 0
3.26 0 162.676 0 0 -162.676 0
3.27 0 162.7 0 0 -162.7 0
3.28 0 162.725 0 0 -162.725 0
3.29 0 162.749 0 0 -162.749 0
3.3 0 162.773 0 0 -162.773 0
3.31 0 162.797 0 0 -162.797 0
3.32 0 162.821 0 0 -162.821 0
3.33 0 162.845 0 0 -162.845 0
3.34 0 162.869 0 0 -162.869 0
3.35 0 162.893 0 0 -162.893 0
3.36 0 162.918 0 0 -162.918 0
3.37 0 162.942 0 0 -162.942 0
3.38 0 162.966 0 0 -162.966 0
3.39 0 162.99 0 0 -162.99 0
3.4 0 163.014 0 0 -163.014 0
3.41 0 163.038 0 0 -163.038 0
3.42 0 163.062 0 0 -163.062 0
3.43 0 163.087 0 0 -163.087 0
3.44 0 163.111 0 0 -163.111 0
3.45 0 163.135 0 0 -163.135 0
3.46 0 163.159 0 0 -163.159 0
3.47 0 163.183 0 0 -163.183 0
3.48 0 163.207 0 0 -163.207 0
3.49 0 163.232 0 0 -163.232 0
3.5 0 163.256 0 0 -163.256 0
3.51 0 163.28 0 0 -163.28 0
3.52 0 163.304 0 0 -163.304 0
3.53 0 163.328 0 0 -163.328 0
3.54 0 163.353 0 0 -163.353 0
3.55 0 163.377 0 0 -163.377 0
3.56 0 163.401 0 0 -163.401 0
3.57 0 163.427 0 0 -163.427 0
3.58 0 163.454 0 0 -163.454 0
3.59 0 163.481 0 0 -163.481 0
3.6 0 163.508 0 0 -163.508 0
3.61 0 163.535 0 0 -163.535 0
3.62 0 163.561 0 0 -163.561 0
3.63 0 163.588 0 0 -163.588 0
3.64 0 163.615 0 0 -163.615 0
3.65 0 163.642 0 0 -163.642 0
3.66 0 163.669 0 0 -163.669 0
3.67 0 163.696 0 0 -163.696 0
3.68 0 163.723 0 0 -163.723 0
3.69 0 163.75 0 0 -163.75 0
3.7 0 163.777 0 0 -163.777 0
3.71 0 163.804 0 0 -163.804 0
3.72 0 163.829 0 0 -163.829 0
3.73 0 163.853 0 0 -163.853 0
3.74 0 163.877 0 0 -163.877 0
3.75 0 163.902 0 0 -163.902 0
3.76 0 163.926 0 0 -163.926 0
3.77 0 163.95 0 0 -163.95 0
3.78 0 163.974 0 0 -163.974 0
3.79 0 163.999 0 0 -163.999 0
3.8 0 164.023 0 0 -164.023 0
3.81 0 164.047 0 0 -164.047 0
3.82 0 164.072 0 0 -164.072 0
3.83 0 164.096 0 0 -164.096 0
3.84 0 164.12 0 0 -164.12 0
3.85 0 164.144 0 0 -164.144 0
3.86 0 164.169 0 0 -164.169 0
3.87 0 164.193 0 0 -164.193 0
3.88 0 164.217 0 0 -164.217 0
3.89 0 164.241 0 0 -164.241 0
3.9 0 164.266 0 0 -164.266 0
3.91 0 164.29 0 0 -164.29 0
3.92 0 164.314 0 0 -164.314 0
3.93 0 164.339 0 0 -164.339 0
3.94 0 164.363 0 0 -164.363 0
3.95 0 164.387 0 0 -164.387 0
3.96 0 164.412 0 0 -164.412 0
3.97 0 164.436 0 0 -164.436 0
3.98 0 164.46 0 0 -164.46 0
3.99 0 164.484 0 0 -164.484 0
4 0 164.509 0 0 -164.509 0
4.01 0 164.533 0 0 -164.533 0
4.02 0 164.557 0 0 -164.557 0
4.03 0 164.582 0 0 -164.582 0
4.04 0 164.606 0 0 -164.606 0
4.05 0 164.63 0 0 -164.63 0
4.06 0 164.655 0 0 -164.655 0
4.07 0 164.679 0 0 -164.679 0
4.08 0 164.703 0 0 -164.703 0
4.09 0 164.728 0 0 -164.728 0
4.1 0 164.752 0 0 -164.752 0
4.11 0 164.776 0 0 -164.776 0
4.12 0 164.801 0 0 -164.801 0
4.13 0 164.825 0 0 -164.825 0
4.14 0 164.85 0 0 -164.85 0
4.15 0 164.874 0 0 -164.874 0
4.16 0 164.898 0 0 -164.898 0
4.17 0 164.923 0 0 -164.923 0
4.18 0 164.947 0 0 -164.947 0
4.19 0 164.971 0 0 -164.971 0
4.2 0 164.996 0 0 -164.996 0
4.21 0 165.02 0 0 -165.02 0
4.22 0 165.044 0 0 -165.044 0
4.23 0 165.069 0 0 -165.069 0
4.24 0 165.093 0 0 -165.093 0
4.25 0 165.118 0 0 -165.118 0
4.26 0 165.142 0 0 -165.142 0
4.27 0 165.166 0 0 -165.166 0
4.28 0 165.191 0 0 -165.191 0
4.29 0 165.215 0 0 -165.215 0
4.3 0 165.24 0 0 -165.24 0
4.31 0 165.264 0 0 -165.264 0
4.32 0 165.288 0 0 -165.288 0
4.33 0 165.313 0 0 -165.313 0
4.34 0 165.337 0 0 -165.337 0
4.35 0 165.362 0 0 -165.362 0
4.36 0 165.386 0 0 -165.386 0
4.37 0 165.41 0 0 -165.41 0
4.38 0 165.435 0 0 -165.435 0
4.39 0 165.459 0 0 -165.459 0
4.4 0 165.484 0 0 -165.484 0
4.41 0 165.508 0 0 -165.508 0
4.42 0 165.533 0 0 -165.533 0
4.43 0 165.557 0 0 -165.557 0
4.44 0 165.582 0 0 -165.582 0
4.45 0 165.606 0 0 -165.606 0
4.46 0 165.63 0 0 -165.63 0
4.47 0 165.655 0 0 -165.655 0
4.48 0 165.679 0 0 -165.679 0
4.49 0 165.704 0 0 -165.704 0
4.5 0 165.728 0 0 -165.728 0
4.51 0 165.753 0 0 -165.753 0
4.52 0 165.777 0 0 -165.777 0
4.53 0 165.802 0 0 -165.802 0
4.54 0 165.826 0 0 -165.826 0
4.55 0 165.851 0 0 -165.851 0
4.56 0 165.875 0 0 -165.875 0
4.57 0 165.899 0 0 -165.899 0
4.58 0 165.924 0 0 -165.924 0
4.59 0 165.948 0 0 -165.948 0
4.6 0 165.973 0 0 -165.973 0
4.61 0 165.997 0 0 -165.997 0
4.62 0 166.022 0 0 -166.022 0
4.63 0 166.046 0 0 -166.046 0
4.64 0 166.071 0 0 -166.071 0
4.65 0 166.095 0 0 -166.095 0
4.66 0 166.12 0 0 -166.12 0
4.67 0 166.144 0 0 -166.144 0
4.68 0 166.169 0 0 -166.169 0
4.69 0 166.193 0 0 -166.193 0
4.7 0 166.218 0 0 -166.218 0
4.71 0 166.242 0 0 -166.242 0
4.72 0 166.267 0 0 -166.267 0
4.73 0 166.291 0 0 -166.291 0
4.74 0 166.316 0 0 -166.316 0
4.75 0 166.34 0 0 -166.34 0
4.76 0 166.365 0 0 -166.365 0
4.77 0 166.389 0 0 -166.389 0
4.78 0 166.411 0 0 -166.411 0
4.79 0 166.433 0 0 -166.433 0
4.8 0 166.455 0 0 -166.455 0
4.81 0 166.476 0 0 -166.476 0
4.82 0 166.498 0 0 -166.498 0
4.83 0 166.52 0 0 -166.52 0
4.84 0 166.542 0 0 -166.542 0
4.85 0 166.564 0 0 -166.564 0
4.86 0 166.586 0 0 -166.586 0
4.87 0 166.607 0 0 -166.607 0
4.88 0 166.629 0 0 -166.629 0
4.89 0 166.651 0 0 -166.651 0
4.9 0 166.673 0 0 -166.673 0
4.91 0 166.695 0 0 -166.695 0
4.92 0 166.717 0 0 -166.717 0
4.93 0 166.741 0 0 -166.741 0
4.94 0 166.766 0 0 -166.766 0
4.95 0 166.79 0 0 -166.79 0
4.96 0 166.815 0 0 -166.815 0
4.97 0 166.839 0 0 -166.839 0
4.98 0 166.864 0 0 -166.864 0
4.99 0 166.889 0 0 -166.889 0
5 0 166.913 0 0 -166.913 0
5.01 0 166.938 0 0 -166.938 0
5.02 0 166.962 0 0 -166.962 0
5.03 0 166.987 0 0 -166.987 0
5.04 0 167.012 0 0 -167.012 0
5.05 0 167.036 0 0 -167.036 0
5.06 0 167.061 0 0 -167.061 0
5.07 0 167.085 0 0 -167.085 0
5.08 0 167.11 0 0 -167.11 0
5.09 0 167.135 0 0 -167.135 0
5.1 0 167.159 0 0 -167.159 0
5.11 0 167.184 0 0 -167.184 0
5.12 0 167.208 0 0 -167.208 0
5.13 0 167.233 0 0 -167.233 0
5.14 0 167.258 0 0 -167.258 0
5.15 0 167.282 0 0 -167.282 0
5.16 0 167.307 0 0 -167.307 0
5.17 0 167.332 0 0 -167.332 0
5.18 0 167.356 0 0 -167.356 0
5.19 0 167.381 0 0 -167.381 0
5.2 0 167.406 0 0 -167.406 0
5.21 0 167.43 0 0 -167.43 0
5.22 0 167.455 0 0 -167.455 0
5.23 0 167.477 0 0 -167.477 0
5.24 0 167.499 0 0 -167.499 0
5.25 0 167.521 0 0 -167.521 0
5.26 0 167.543 0 0 -167.543 0
5.27 0 167.565 0 0 -167.565 0
5.28 0 167.587 0 0 -167.587 0
5.29 0 167.609 0 0 -167.609 0
5.3 0 167.63 0 0 -167.63 0
5.31 0 167.652 0 0 -167.652 0
5.32 0 167.674 0 0 -167.674 0
5.33 0 167.696 0 0 -167.696 0
5.34 0 167.718 0 0 -167.718 0
5.35 0 167.74 0 0 -167.74 0
5.36 0 167.762 0 0 -167.762 0
5.37 0 167.784 0 0 -167.784 0
5.38 0 167.808 0 0 -167.808 0
5.39 0 167.833 0 0 -167.833 0
5.4 0 167.858 0 0 -167.858 0
5.41 0 167.882 0 0 -167.882 0
5.42 0 167.907 0 0 -167.907 0
5.43 0 167.932 0 0 -167.932 0
5.44 0 167.956 0 0 -167.956 0
5.45 0 167.981 0 0 -167.981 0
5.46 0 168.006 0 0 -168.006 0
5.47 0 168.03 0 0 -168.03 0
5.48 0 168.055 0 0 -168.055 0
5.49 0 168.08 0 0 -168.08 0
5.5 0 168.105 0 0 -168.105 0
5.51 0 168.129 0 0 -168.129 0
5.52 0 168.154 0 0 -168.154 0
5.53 0 168.179 0 0 -168.179 0
5.54 0 168.203 0 0 -168.203 0
5.55 0 168.228 0 0 -168.228 0
5.56 0 168.253 0 0 -168.253 0
5.57 0 168.278 0 0 -168.278 0
5.58 0 168.302 0 0 -168.302 0
5.59 0 168.327 0 0 -168.327 0
5.6 0 168.352 0 0 -168.352 0
5.61 0 168.377 0 0 -168.377 0
5.62 0 168.401 0 0 -168.401 0
5.63 0 168.426 0 0 -168.426 0
5.64 0 168.451 0 0 -168.451 0
5.65 0 168.476 0 0 -168.476 0
5.66 0 168.5 0 0 -168.5 0
5.67 0 168.525 0 0 -168.525 0
5.68 0 168.548 0 0 -168.548 0
5.69 0 168.57 0 0 -168.57 0
5.7 0 168.592 0 0 -168.592 0
5.71 0 168.614 0 0 -168.614 0
5.72 0 168.636 0 0 -168.636 0
5.73 0 168.658 0 0 -168.658 0
5.74 0 168.68 0 0 -168.68 0
5.75 0 168.702 0 0 -168.702 0
5.76 0 168.724 0 0 -168.724 0
5.77 0 168.746 0 0 -168.746 0
5.78 0 168.768 0 0 -168.768 0
5.79 0 168.79 0 0 -168.79 0
5.8 0 168.812 0 0 -168.812 0
5.81 0 168.835 0 0 -168.835 0
5.82 0 168.857 0 0 -168.857 0
5.83 0 168.88 0 0 -168.88 0
5.84 0 168.905 0 0 -168.905 0
5.85 0 168.93 0 0 -168.93 0
5.86 0 168.955 0 0 -168.955 0
5.87 0 168.979 0 0 -168.979 0
5.88 0 169.004 0 0 -169.004 0
5.89 0 169.029 0 0 -169.029 0
5.9 0 169.054 0 0 -169.054 0
5.91 0 169.079 0 0 -169.079 0
5.92 0 169.104 0 0 -169.104 0
5.93 0 169.128 0 0 -169.128 0
5.94 0 169.153 0 0 -169.153 0
5.95 0 169.178 0 0 -169.178 0
5.96 0 169.203 0 0 -169.203 0
5.97 0 169.228 0 0 -169.228 0
5.98 0 169.251 0 0 -169.251 0
5.99 0 169.273 0 0 -169.273 0
6 0 169.295 0 0 -169.295 0
6.01 0 169.317 0 0 -169.317 0
6.02 0 169.34 0 0 -169.34 0
6.03 0 169.362 0 0 -169.362 0
6.04 0 169.384 0 0 -169.384 0
6.05 0 169.406 0 0 -169.406 0
6.06 0 169.428 0 0 -169.428 0
6.07 0 169.45 0 0 -169.45 0
6.08 0 169.472 0 0 -169.472 0
6.09 0 169.494 0 0 -169.494 0
6.1 0 169.516 0 0 -169.516 0
6.11 0 169.538 0 0 -169.538 0
6.12 0 169.561 0 0 -169.561 0
6.13 0 169.583 0 0 -169.583 0
6.14 0 169.605 0 0 -169.605 0
6.15 0 169.627 0 0 -169.627 0
6.16 0 169.649 0 0 -169.649 0
6.17 0 169.671 0 0 -169.671 0
6.18 0 169.693 0 0 -169.693 0
6.19 0 169.715 0 0 -169.715 0
6.2 0 169.738 0 0 -169.738 0
6.21 0 169.76 0 0 -169.76 0
6.22 0 169.782 0 0 -169.782 0
6.23 0 169.804 0 0 -169.804 0
6.24 0 169.826 0 0 -169.826 0
6.25 0 169.848 0 0 -169.848 0
6.26 0 169.87 0 0 -169.87 0
6.27 0 169.892 0 0 -169.892 0
6.28 0 169.915 0 0 -169.915 0
6.29 0 169.94 0 0 -169.94 0
6.3 0 169.965 0 0 -169.965 0
6.31 0 169.989 0 0 -169.989 0
6.32 0 170.014 0 0 -170.014 0
6.33 0 170.038 0 0 -170.038 0
6.34 0 170.063 0 0 -170.063 0
6.35 0 170.088 0 0 -170.088 0
6.36 0 170.112 0 0 -170.112 0
6.37 0 170.137 0 0 -170.137 0
6.38 0 170.162 0 0 -170.162 0
6.39 0 170.186 0 0 -170.186 0
6.4 0 170.211 0 0 -170.211 0
6.41 0 170.236 0 0 -170.236 0
6.42 0 170.26 0 0 -170.26 0
6.43 0 170.284 0 0 -170.284 0
6.44 0 170.306 0 0 -170.306 0
6.45 0 170.328 0 0 -170.328 0
6.46 0 170.35 0 0 -170.35 0
6.47 0 170.372 0 0 -170.372 0
6.48 0 170.394 0 0 -170.394 0
6.49 0 170.416 0 0 -170.416 0
6.5 0 170.438 0 0 -170.438 0
6.51 0 170.46 0 0 -170.46 0
6.52 0 170.482 0 0 -170.482 0
6.53 0 170.504 0 0 -170.504 0
6.54 0 170.526 0 0 -170.526 0
6.55 0 170.548 0 0 -170.548 0
6.56 0 170.57 0 0 -170.57 0
6.57 0 170.592 0 0 -170.592 0
6.58 0 170.614 0 0 -170.614 0
6.59 0 170.635 0 0 -170.635 0
6.6 0 170.657 0 0 -170.657 0
6.61 0 170.679 0 0 -170.679 0
6.62 0 170.701 0 0 -170.701 0
6.63 0 170.723 0 0 -170.723 0
6.64 0 170.745 0 0 -170.745 0
6.65 0 170.767 0 0 -170.767 0
6.66 0 170.789 0 0 -170.789 0
6.67 0 170.811 0 0 -170.811 0
6.68 0 170.833 0 0 -170.833 0
6.69 0 170.855 0 0 -170.855 0
6.7 0 170.877 0 0 -170.877 0
6.71 0 170.899 0 0 -170.899 0
6.72 0 170.921 0 0 -170.921 0
6.73 0 170.943 0 0 -170.943 0
6.74 0 170.965 0 0 -170.965 0
6.75 0 170.987 0 0 -170.987 0
6.76 0 171.009 0 0 -171.009 0
6.77 0 171.031 0 0 -171.031 0
6.78 0 171.054 0 0 -171.054 0
6.79 0 171.076 0 0 -171.076 0
6.8 0 171.098 0 0 -171.098 0
6.81 0 171.12 0 0 -171.12 0
6.82 0 171.142 0 0 -171.142 0
6.83 0 171.164 0 0 -171.164 0
6.84 0 171.186 0 0 -171.186 0
6.85 0 171.208 0 0 -171.208 0
6.86 0 171.23 0 0 -171.23 0
6.87 0 171.252 0 0 -171.252 0
6.88 0 171.274 0 0 -171.274 0
6.89 0 171.296 0 0 -171.296 0
6.9 0 171.318 0 0 -171.318 0
6.91 0 171.34 0 0 -171.34 0
6.92 0 171.362 0 0 -171.362 0
6.93 0 171.384 0 0 -171.384 0
6.94 0 171.406 0 0 -171.406 0
6.95 0 171.428 0 0 -171.428 0
6.96 0 171.45 0 0 -171.45 0
6.97 0 171.472 0 0 -171.472 0
6.98 0 171.495 0 0 -171.495 0
6.99 0 171.517 0 0 -171.517 0
7 0 171.539 0 0 -171.539 0
7.01 0 171.561 0 0 -171.561 0
7.02 0 171.583 0 0 -171.583 0
7.03 0 171.605 0 0 -171.605 0
7.04 0 171.627 0 0 -171.627 0
7.05 0 171.649 0 0 -171.649 0
7.06 0 171.671 0 0 -171.671 0
7.07 0 171.693 0 0 -171.693 0
7.08 0 171.716 0 0 -171.716 0
7.09 0 171.738 0 0 -171.738 0
7.1 0 171.76 0 0 -171.76 0
7.11 0 171.782 0 0 -171.782 0
7.12 0 171.804 0 0 -171.804 0
7.13 0 171.826 0 0 -171.826 0
7.14 0 171.848 0 0 -171.848 0
7.15 0 171.87 0 0 -171.87 0
7.16 0 171.892 0 0 -171.892 0
7.17 0 171.915 0 0 -171.915 0
7.18 0 171.937 0 0 -171.937 0
7.19 0 171.959 0 0 -171.959 0
7.2 0 171.981 0 0 -171.981 0
7.21 0 172.003 0 0 -172.003 0
7.22 0 172.025 0 0 -172.025 0
7.23 0 172.047 0 0 -172.047 0
7.24 0 172.07 0 0 -172.07 0
7.25 0 172.092 0 0 -172.092 0
7.26 0 172.114 0 0 -172.114 0
7.27 0 172.136 0 0 -172.136 0
7.28 0 172.158 0 0 -172.158 0
7.29 0 172.18 0 0 -172.18 0
7.3 0 172.203 0 0 -172.203 0
7.31 0 172.225 0 0 -172.225 0
7.32 0 172.247 0 0 -172.247 0
7.33 0 172.269 0 0 -172.269 0
7.34 0 172.291 0 0 -172.291 0
7.35 0 172.313 0 0 -172.313 0
7.36 0 172.336 0 0 -172.336 0
7.37 0 172.358 0 0 -172.358 0
7.38 0 172.38 0 0 -172.38 0
7.39 0 172.402 0 0 -172.402 0
7.4 0 172.424 0 0 -172.424 0
7.41 0 172.446 0 0 -172.446 0
7.42 0 172.469 0 0 -172.469 0
7.43 0 172.491 0 0 -172.491 0
7.44 0 172.513 0 0 -172.513 0
7.45 0 172.535 0 0 -172.535 0
7.46 0 172.558 0 0 -172.558 0
7.47 0 172.58 0 0 -172.58 0
7.48 0 172.602 0 0 -172.602 0
7.49 0 172.624 0 0 -172.624 0
7.5 0 172.646 0 0 -172.646 0
7.51 0 172.669 0 0 -172.669 0
7.52 0 172.691 0 0 -172.691 0
7.53 0 172.713 0 0 -172.713 0
7.54 0 172.735 0 0 -172.735 0
7.55 0 172.757 0 0 -172.757 0
7.56 0 172.78 0 0 -172.78 0
7.57 0 172.802 0 0 -172.802 0
7.58 0 172.824 0 0 -172.824 0
7.59 0 172.846 0 0 -172.846 0
7.6 0 172.869 0 0 -172.869 0
7.61 0 172.891 0 0 -172.891 0
7.62 0 172.913 0 0 -172.913 0
7.63 0 172.935 0 0 -172.935 0
7.64 0 172.958 0 0 -172.958 0
7.65 0 172.98 0 0 -172.98 0
7.66 0 173.002 0 0 -173.002 0
7.67 0 173.024 0 0 -173.024 0
7.68 0 173.047 0 0 -173.047 0
7.69 0 173.069 0 0 -173.069 0
7.7 0 173.091 0 0 -173.091 0
7.71 0 173.114 0 0 -173.114 0
7.72 0 173.136 0 0 -173.136 0
7.73 0 173.158 0 0 -173.158 0
7.74 0 173.18 0 0 -173.18 0
7.75 0 173.203 0 0 -173.203 0
7.76 0 173.225 0 0 -173.225 0
7.77 0 173.247 0 0 -173.247 0
7.78 0 173.27 0 0 -173.27 0
7.79 0 173.292 0 0 -173.292 0
7.8 0 173.314 0 0 -173.314 0
7.81 0 173.336 0 0 -173.336 0
7.82 0 173.359 0 0 -173.359 0
7.83 0 173.381 0 0 -173.381 0
7.84 0 173.403 0 0 -173.403 0
7.85 0 173.426 0 0 -173.426 0
7.86 0 173.448 0 0 -173.448 0
7.87 0 173.47 0 0 -173.47 0
7.88 0 173.493 0 0 -173.493 0
7.89 0 173.515 0 0 -173.515 0
7.9 0 173.537 0 0 -173.537 0
7.91 0 173.56 0 0 -173.56 0
7.92 0 173.582 0 0 -173.582 0
7.93 0 173.604 0 0 -173.604 0
7.94 0 173.625 0 0 -173.625 0
7.95 0 173.645 0 0 -173.645 0
7.96 0 173.664 0 0 -173.664 0
7.97 0 173.684 0 0 -173.684 0
7.98 0 173.703 0 0 -173.703 0
7.99 0 173.723 0 0 -173.723 0
8 0 173.742 0 0 -173.742 0
8.01 0 173.762 0 0 -173.762 0
8.02 0 173.781 0 0 -173.781 0
8.03 0 173.801 0 0 -173.801 0
8.04 0 173.821 0 0 -173.821 0
8.05 0 173.84 0 0 -173.84 0
8.06 0 173.86 0 0 -173.86 0
8.07 0 173.879 0 0 -173.879 0
8.08 0 173.899 0 0 -173.899 0
8.09 0 173.92 0 0 -173.92 0
8.1 0 173.942 0 0 -173.942 0
8.11 0 173.964 0 0 -173.964 0
8.12 0 173.987 0 0 -173.987 0
8.13 0 174.009 0 0 -174.009 0
8.14 0 174.032 0 0 -174.032 0
8.15 0 174.054 0 0 -174.054 0
8.16 0 174.076 0 0 -174.076 0
8.17 0 174.099 0 0 -174.099 0
8.18 0 174.121 0 0 -174.121 0
8.19 0 174.144 0 0 -174.144 0
8.2 0 174.166 0 0 -174.166 0
8.21 0 174.188 0 0 -174.188 0
8.22 0 174.211 0 0 -174.211 0
8.23 0 174.233 0 0 -174.233 0
8.24 0 174.256 0 0 -174.256 0
8.25 0 174.278 0 0 -174.278 0
8.26 0 174.3 0 0 -174.3 0
8.27 0 174.323 0 0 -174.323 0
8.28 0 174.345 0 0 -174.345 0
8.29 0 174.368 0 0 -174.368 0
8.3 0 174.39 0 0 -174.39 0
8.31 0 174.413 0 0 -174.413 0
8.32 0 174.435 0 0 -174.435 0
8.33 0 174.457 0 0 -174.457 0
8.34 0 174.48 0 0 -174.48 0
8.35 0 174.502 0 0 -174.502 0
8.36 0 174.525 0 0 -174.525 0
8.37 0 174.547 0 0 -174.547 0
8.38 0 174.57 0 0 -174.57 0
8.39 0 174.591 0 0 -174.591 0
8.4 0 174.611 0 0 -174.611 0
8.41 0 174.63 0 0 -174.63 0
8.42 0 174.65 0 0 -174.65 0
8.43 0 174.67 0 0 -174.67 0
8.44 0 174.689 0 0 -174.689 0
8.45 0 174.709 0 0 -174.709 0
8.46 0 174.729 0 0 -174.729 0
8.47 0 174.748 0 0 -174.748 0
8.48 0 174.768 0 0 -174.768 0
8.49 0 174.788 0 0 -174.788 0
8.5 0 174.807 0 0 -174.807 0
8.51 0 174.827 0 0 -174.827 0
8.52 0 174.847 0 0 -174.847 0
8.53 0 174.866 0 0 -174.866 0
8.54 0 174.887 0 0 -174.887 0
8.55 0 174.909 0 0 -174.909 0
8.56 0 174.932 0 0 -174.932 0
8.57 0 174.954 0 0 -174.954 0
8.58 0 174.977 0 0 -174.977 0
8.59 0 174.999 0 0 -174.999 0
8.6 0 175.022 0 0 -175.022 0
8.61 0 175.044 0 0 -175.044 0
8.62 0 175.067 0 0 -175.067 0
8.63 0 175.089 0 0 -175.089 0
8.64 0 175.112 0 0 -175.112 0
8.65 0 175.134 0 0 -175.134 0
8.66 0 175.157 0 0 -175.157 0
8.67 0 175.179 0 0 -175.179 0
8.68 0 175.202 0 0 -175.202 0
8.69 0 175.224 0 0 -175.224 0
8.7 0 175.244 0 0 -175.244 0
8.71 0 175.263 0 0 -175.263 0
8.72 0 175.283 0 0 -175.283 0
8.73 0 175.303 0 0 -175.303 0
8.74 0 175.322 0 0 -175.322 0
8.75 0 175.342 0 0 -175.342 0
8.76 0 175.362 0 0 -175.362 0
8.77 0 175.382 0 0 -175.382 0
8.78 0 175.401 0 0 -175.401 0
8.79 0 175.421 0 0 -175.421 0
8.8 0 175.441 0 0 -175.441 0
8.81 0 175.46 0 0 -175.46 0
8.82 0 175.48 0 0 -175.48 0
8.83 0 175.5 0 0 -175.5 0
8.84 0 175.52 0 0 -175.52 0
8.85 0 175.542 0 0 -175.542 0
8.86 0 175.565 0 0 -175.565 0
8.87 0 175.588 0 0 -175.588 0
8.88 0 175.61 0 0 -175.61 0
8.89 0 175.633 0 0 -175.633 0
8.9 0 175.655 0 0 -175.655 0
8.91 0 175.678 0 0 -175.678 0
8.92 0 175.7 0 0 -175.7 0
8.93 0 175.723 0 0 -175.723 0
8.94 0 175.746 0 0 -175.746 0
8.95 0 175.768 0 0 -175.768 0
8.96 0 175.791 0 0 -175.791 0
8.97 0 175.813 0 0 -175.813 0
8.98 0 175.836 0 0 -175.836 0
8.99 0 175.858 0 0 -175.858 0
9 0 175.878 0 0 -175.878 0
9.01 0 175.898 0 0 -175.898 0
9.02 0 175.918 0 0 -175.918 0
9.03 0 175.938 0 0 -175.938 0
9.04 0 175.957 0 0 -175.957 0
9.05 0 175.977 0 0 -175.977 0
9.06 0 175.997 0 0 -175.997 0
9.07 0 176.017 0 0 -176.017 0
9.08 0 176.037 0 0 -176.037 0
9.09 0 176.056 0 0 -176.056 0
9.1 0 176.076 0 0 -176.076 0
9.11 0 176.096 0 0 -176.096 0
9.12 0 176.116 0 0 -176.116 0
9.13 0 176.135 0 0 -176.135 0
9.14 0 176.155 0 0 -176.155 0
9.15 0 176.175 0 0 -176.175 0
9.16 0 176.195 0 0 -176.195 0
9.17 0 176.215 0 0 -176.215 0
9.18 0 176.235 0 0 -176.235 0
9.19 0 176.254 0 0 -176.254 0
9.2 0 176.274 0 0 -176.274 0
9.21 0 176.294 0 0 -176.294 0
9.22 0 176.314 0 0 -176.314 0
9.23 0 176.334 0 0 -176.334 0
9.24 0 176.353 0 0 -176.353 0
9.25 0 176.373 0 0 -176.373 0
9.26 0 176.393 0 0 -176.393 0
9.27 0 176.413 0 0 -176.413 0
9.28 0 176.433 0 0 -176.433 0
9.29 0 176.453 0 0 -176.453 0
9.3 0 176.475 0 0 -176.475 0
9.31 0 176.497 0 0 -176.497 0
9.32 0 176.52 0 0 -176.52 0
9.33 0 176.543 0 0 -176.543 0
9.34 0 176.565 0 0 -176.565 0
9.35 0 176.588 0 0 -176.588 0
9.36 0 176.611 0 0 -176.611 0
9.37 0 176.634 0 0 -176.634 0
9.38 0 176.656 0 0 -176.656 0
9.39 0 176.679 0 0 -176.679 0
9.4 0 176.702 0 0 -176.702 0
9.41 0 176.724 0 0 -176.724 0
9.42 0 176.747 0 0 -176.747 0
9.43 0 176.77 0 0 -176.77 0
9.44 0 176.792 0 0 -176.792 0
9.45 0 176.813 0 0 -176.813 0
9.46 0 176.833 0 0 -176.833 0
9.47 0 176.853 0 0 -176.853 0
9.48 0 176.872 0 0 -176.872 0
9.49 0 176.892 0 0 -176.892 0
9.5 0 176.912 0 0 -176.912 0
9.51 0 176.932 0 0 -176.932 0
9.52 0 176.952 0 0 -176.952 0
9.53 0 176.972 0 0 -176.972 0
9.54 0 176.992 0 0 -176.992 0
9.55 0 177.012 0 0 -177.012 0
9.56 0 177.032 0 0 -177.032 0
9.57 0 177.051 0 0 -177.051 0
9.58 0 177.071 0 0 -177.071 0
9.59 0 177.091 0 0 -177.091 0
9.6 0 177.111 0 0 -177.111 0
9.61 0 177.131 0 0 -177.131 0
9.62 0 177.151 0 0 -177.151 0
9.63 0 177.171 0 0 -177.171 0
9.64 0 177.191 0 0 -177.191 0
9.65 0 177.211 0 0 -177.211 0
9.66 0 177.231 0 0 -177.231 0
9.67 0 177.25 0 0 -177.25 0
9.68 0 177.27 0 0 -177.27 0
9.69 0 177.29 0 0 -177.29 0
9.7 0 177.31 0 0 -177.31 0
9.71 0 177.33 0 0 -177.33 0
9.72 0 177.35 0 0 -177.35 0
9.73 0 177.37 0 0 -177.37 0
9.74 0 177.39 0 0 -177.39 0
9.75 0 177.41 0 0 -177.41 0
9.76 0 177.43 0 0 -177.43 0
9.77 0 177.45 0 0 -177.45 0
9.78 0 177.47 0 0 -177.47 0
9.79 0 177.489 0 0 -177.489 0
9.8 0 177.509 0 0 -177.509 0
9.81 0 177.529 0 0 -177.529 0
9.82 0 177.549 0 0 -177.549 0
9.83 0 177.569 0 0 -177.569 0
9.84 0 177.589 0 0 -177.589 0
9.85 0 177.609 0 0 -177.609 0
9.86 0 177.629 0 0 -177.629 0
9.87 0 177.649 0 0 -177.649 0
9.88 0 177.669 0 0 -177.669 0
9.89 0 177.689 0 0 -177.689 0
9.9 0 177.709 0 0 -177.709 0
9.91 0 177.729 0 0 -177.729 0
9.92 0 177.749 0 0 -177.749 0
9.93 0 177.769 0 0 -177.769 0
9.94 0 177.789 0 0 -177.789 0
9.95 0 177.809 0 0 -177.809 0
9.96 0 177.829 0 0 -177.829 0
9.97 0 177.849 0 0 -177.849 0
9.98 0 177.869 0 0 -177.869 0
9.99 0 177.889 0 0 -177.889 0
10 0 177.909 0 0 -177.909 0
10.01 0 177.929 0 0 -177.929 0
10.02 0 177.949 0 0 -177.949 0
10.03 0 177.968 0 0 -177.968 0
10.04 0 177.988 0 0 -177.988 0
10.05 0 178.008 0 0 -178.008 0
10.06 0 178.028 0 0 -178.028 0
10.07 0 178.048 0 0 -178.048 0
10.08 0 178.068 0 0 -178.068 0
10.09 0 178.088 0 0 -178.088 0
10.1 0 178.108 0 0 -178.108 0
10.11 0 178.128 0 0 -178.128 0
10.12 0 178.148 0 0 -178.148 0
10.13 0 178.168 0 0 -178.168 0
10.14 0 178.188 0 0 -178.188 0
10.15 0 178.208 0 0 -178.208 0
10.16 0 178.228 0 0 -178.228 0
10.17 0 178.248 0 0 -178.248 0
10.18 0 178.268 0 0 -178.268 0
10.19 0 178.288 0 0 -178.288 0
10.2 0 178.308 0 0 -178.308 0
10.21 0 178.328 0 0 -178.328 0
10.22 0 178.349 0 0 -178.349 0
10.23 0 178.369 0 0 -178.369 0
10.24 0 178.389 0 0 -178.389 0
10.25 0 178.409 0 0 -178.409 0
10.26 0 178.429 0 0 -178.429 0
10.27 0 178.449 0 0 -178.449 0
10.28 0 178.469 0 0 -178.469 0
10.29 0 178.489 0 0 -178.489 0
10.3 0 178.509 0 0 -178.509 0
10.31 0 178.529 0 0 -178.529 0
10.32 0 178.549 0 0 -178.549 0
10.33 0 178.569 0 0 -178.569 0
10.34 0 178.589 0 0 -178.589 0
10.35 0 178.609 0 0 -178.609 0
10.36 0 178.629 0 0 -178.629 0
10.37 0 178.649 0 0 -178.649 0
10.38 0 178.669 0 0 -178.669 0
10.39 0 178.689 0 0 -178.689 0
10.4 0 178.709 0 0 -178.709 0
10.41 0 178.729 0 0 -178.729 0
10.42 0 178.749 0 0 -178.749 0
10.43 0 178.769 0 0 -178.769 0
10.44 0 178.789 0 0 -178.789 0
10.45 0 178.809 0 0 -178.809 0
10.46 0 178.83 0 0 -178.83 0
10.47 0 178.85 0 0 -178.85 0
10.48 0 178.87 0 0 -178.87 0
10.49 0 178.89 0 0 -178.89 0
10.5 0 178.91 0 0 -178.91 0
10.51 0 178.93 0 0 -178.93 0
10.52 0 178.95 0 0 -178.95 0
10.53 0 178.97 0 0 -178.97 0
10.54 0 178.99 0 0 -178.99 0
10.55 0 179.01 0 0 -179.01 0
10.56 0 179.03 0 0 -179.03 0
10.57 0 179.05 0 0 -179.05 0
10.58 0 179.07 0 0 -179.07 0
10.59 0 179.091 0 0 -179.091 0
10.6 0 179.111 0 0 -179.111 0
10.61 0 179.131 0 0 -179.131 0
10.62 0 179.151 0 0 -179.151 0
10.63 0 179.171 0 0 -179.171 0
10.64 0 179.191 0 0 -179.191 0
10.65 0 179.211 0 0 -179.211 0
10.66 0 179.231 0 0 -179.231 0
10.67 0 179.251 0 0 -179.251 0
10.68 0 179.271 0 0 -179.271 0
10.69 0 179.292 0 0 -179.292 0
10.7 0 179.312 0 0 -179.312 0
10.71 0 179.332 0 0 -179.332 0
10.72 0 179.352 0 0 -179.352 0
10.73 0 179.372 0 0 -179.372 0
10.74 0 179.392 0 0 -179.392 0
10.75 0 179.412 0 0 -179.412 0
10.76 0 179.432 0 0 -179.432 0
10.77 0 179.453 0 0 -179.453 0
10.78 0 179.473 0 0 -179.473 0
10.79 0 179.493 0 0 -179.493 0
10.8 0 179.513 0 0 -179.513 0
10.81 0 179.533 0 0 -179.533 0
10.82 0 179.553 0 0 -179.553 0
10.83 0 179.573 0 0 -179.573 0
10.84 0 179.593 0 0 -179.593 0
10.85 0 179.614 0 0 -179.614 0
10.86 0 179.634 0 0 -179.634 0
10.87 0 179.654 0 0 -179.654 0
10.88 0 179.674 0 0 -179.674 0
10.89 0 179.694 0 0 -179.694 0
10.9 0 179.714 0 0 -179.714 0
10.91 0 179.735 0 0 -179.735 0
10.92 0 179.755 0 0 -179.755 0
10.93 0 179.775 0 0 -179.775 0
10.94 0 179.795 0 0 -179.795 0
10.95 0 179.815 0 0 -179.815 0
10.96 0 179.832 0 0 -179.832 0
10.97 0 179.85 0 0 -179.85 0
10.98 0 179.867 0 0 -179.867 0
10.99 0 179.884 0 0 -179.884 0
11 0 179.901 0 0 -179.901 0
11.01 0 179.919 0 0 -179.919 0
11.02 0 179.936 0 0 -179.936 0
11.03 0 179.953 0 0 -179.953 0
11.04 0 179.971 0 0 -179.971 0
11.05 0 179.988 0 0 -179.988 0
11.06 0 180.005 0 0 -180.005 0
11.07 0 180.023 0 0 -180.023 0
11.08 0 180.04 0 0 -180.04 0
11.09 0 180.057 0 0 -180.057 0
11.1 0 180.074 0 0 -180.074 0
11.11 0 180.094 0 0 -180.094 0
11.12 0 180.115 0 0 -180.115 0
11.13 0 180.135 0 0 -180.135 0
11.14 0 180.155 0 0 -180.155 0
11.15 0 180.175 0 0 -180.175 0
11.16 0 180.195 0 0 -180.195 0
11.17 0 180.216 0 0 -180.216 0
11.18 0 180.236 0 0 -180.236 0
11.19 0 180.256 0 0 -180.256 0
11.2 0 180.276 0 0 -180.276 0
11.21 0 180.296 0 0 -180.296 0
11.22 0 180.317 0 0 -180.317 0
11.23 0 180.337 0 0 -180.337 0
11.24 0 180.357 0 0 -180.357 0
11.25 0 180.377 0 0 -180.377 0
11.26 0 180.398 0 0 -180.398 0
11.27 0 180.418 0 0 -180.418 0
11.28 0 180.438 0 0 -180.438 0
11.29 0 180.458 0 0 -180.458 0
11.3 0 180.478 0 0 -180.478 0
11.31 0 180.499 0 0 -180.499 0
11.32 0 180.519 0 0 -180.519 0
11.33 0 180.539 0 0 -180.539 0
11.34 0 180.559 0 0 -180.559 0
11.35 0 180.58 0 0 -180.58 0
11.36 0 180.6 0 0 -180.6 0
11.37 0 180.62 0 0 -180.62 0
11.38 0 180.64 0 0 -180.64 0
11.39 0 180.661 0 0 -180.661 0
11.4 0 180.681 0 0 -180.681 0
11.41 0 180.699 0 0 -180.699 0
11.42 0 180.716 0 0 -180.716 0
11.43 0 180.733 0 0 -180.733 0
11.44 0 180.751 0 0 -180.751 0
11.45 0 180.768 0 0 -180.768 0
11.46 0 180.786 0 0 -180.786 0
11.47 0 180.803 0 0 -180.803 0
11.48 0 180.82 0 0 -180.82 0
11.49 0 180.838 0 0 -180.838 0
11.5 0 180.855 0 0 -180.855 0
11.51 0 180.872 0 0 -180.872 0
11.52 0 180.89 0 0 -180.89 0
11.53 0 180.907 0 0 -180.907 0
11.54 0 180.924 0 0 -180.924 0
11.55 0 180.942 0 0 -180.942 0
11.56 0 181.074 0 0 -181.074 0
11.57 0 181.251 0 0 -181.251 0
11.58 0 181.428 0 0 -181.428 0
11.59 0 181.605 0 0 -181.605 0
11.6 0 181.783 0 0 -181.783 0
11.61 0 181.96 0 0 -181.96 0
11.62 0 182.138 0 0 -182.138 0
11.63 0 182.315 0 0 -182.315 0
11.64 0 182.493 0 0 -182.493 0
11.65 0 182.671 0 0 -182.671 0
11.66 0 182.849 0 0 -182.849 0
11.67 0 183.028 0 0 -183.028 0
11.68 0 183.206 0 0 -183.206 0
11.69 0 183.385 0 0 -183.385 0
11.7 0 183.563 0 0 -183.563 0
11.71 0 183.564 0 0 -183.564 0
11.72 0 183.564 0 0 -183.564 0
11.73 0 183.564 0 0 -183.564 0
11.74 0 183.564 0 0 -183.564 0
11.75 0 183.564 0 0 -183.564 0
11.76 0 183.564 0 0 -183.564 0
11.77 0 183.564 0 0 -183.564 0
11.78 0 183.564 0 0 -183.564 0
11.79 0 183.564 0 0 -183.564 0
11.8 0 183.564 0 0 -183.564 0
11.81 0 183.564 0 0 -183.564 0
11.82 0 183.564 0 0 -183.564 0
11.83 0 183.564 0 0 -183.564 0
11.84 0 183.564 0 0 -183.564 0
11.85 0 183.564 0 0 -183.564 0
11.86 0 183.564 0 0 -183.564 0
11.87 0 183.564 0 0 -183.564 0
11.88 0 183.564 0 0 -183.564 0
11.89 0 183.564 0 0 -183.564 0
11.9 0 183.564 0 0 -183.564 0
11.91 0 183.564 0 0 -183.564 0
11.92 0 183.564 0 0 -183.564 0
11.93 0 183.564 0 0 -183.564 0
11.94 0 183.564 0 0 -183.564 0
11.95 0 183.564 0 0 -183.564 0
11.96 0 183.564 0 0 -183.564 0
11.97 0 183.564 0 0 -183.564 0
11.98 0 183.564 0 0 -183.564 0
11.99 0 183.564 0 0 -183.564 0
12 0 183.564 0 0 -183.564 0
12.01 0 183.564 0 0 -183.564 0
12.02 0 183.564 0 0 -183.564 0
12.03 0 183.564 0 0 -183.564 0
12.04 0 183.564 0 0 -183.564 0
12.05 0 183.564 0 0 -183.564 0
12.06 0 183.564 0 0 -183.564 0
12.07 0 183.564 0 0 -183.564 0
12.08 0 183.564 0 0 -183.564 0
12.09 0 183.564 0 0 -183.564 0
12.1 0 183.564 0 0 -183.564 0
12.11 0 183.564 0 0 -183.564 0
12.12 0 183.564 0 0 -183.564 0
12.13 0 183.564 0 0 -183.564 0
12.14 0 183.564 0 0 -183.564 0
12.15 0 183.564 0 0 -183.564 0
12.16 0 183.564 0 0 -183.564 0
12.17 0 183.564 0 0 -183.564 0
12.18 0 183.564 0 0 -183.564 0
12.19 0 183.564 0 0 -183.564 0
12.2 0 183.564 0 0 -183.564 0
12.21 0 183.564 0 0 -183.564 0
12.22 0 183.564 0 0 -183.564 0
12.23 0 183.564 0 0 -183.564 0
12.24 0 183.564 0 0 -183.564 0
12.25 0 183.564 0 0 -183.564 0
12.26 0 183.564 0 0 -183.564 0
12.27 0 183.564 0 0 -183.564 0
12.28 0 183.564 0 0 -183.564 0
12.29 0 183.564 0 0 -183.564 0
12.3 0 183.564 0 0 -183.564 0
12.31 0 183.564 0 0 -183.564 0
12.32 0 183.565 0 0 -183.565 0
12.33 0 183.574 0 0 -183.574 0
12.34 0 183.584 0 0 -183.584 0
12.35 0 183.594 0 0 -183.594 0
12.36 0 183.604 0 0 -183.604 0
12.37 0 183.614 0 0 -183.614 0
12.38 0 183.625 0 0 -183.625 0
12.39 0 183.635 0 0 -183.635 0
12.4 0 183.646 0 0 -183.646 0
12.41 0 183.657 0 0 -183.657 0
12.42 0 183.668 0 0 -183.668 0
12.43 0 183.679 0 0 -183.679 0
12.44 0 183.691 0 0 -183.691 0
12.45 0 183.702 0 0 -183.702 0
12.46 0 183.702 0 0 -183.702 0
12.47 0 183.702 0 0 -183.702 0
12.48 0 183.702 0 0 -183.702 0
12.49 0 183.702 0 0 -183.702 0
12.5 0 183.702 0 0 -183.702 0
12.51 0 183.702 0 0 -183.702 0
12.52 0 183.702 0 0 -183.702 0
12.53 0 183.702 0 0 -183.702 0
12.54 0 183.702 0 0 -183.702 0
12.55 0 183.702 0 0 -183.702 0
12.56 0 183.702 0 0 -183.702 0
12.57 0 183.702 0 0 -183.702 0
12.58 0 183.702 0 0 -183.702 0
12.59 0 183.702 0 0 -183.702 0
12.6 0 183.702 0 0 -183.702 0
12.61 0 183.702 0 0 -183.702 0
12.62 0 183.702 0 0 -183.702 0
12.63 0 183.702 0 0 -183.702 0
12.64 0 183.702 0 0 -183.702 0
12.65 0 183.702 0 0 -183.702 0
12.66 0 183.702 0 0 -183.702 0
12.67 0 183.702 0 0 -183.702 0
12.68 0 183.702 0 0 -183.702 0
12.69 0 183.702 0 0 -183.702 0
12.7 0 183.702 0 0 -183.702 0
12.71 0 183.702 0 0 -183.702 0
12.72 0 183.702 0 0 -183.702 0
12.73 0 183.702 0 0 -183.702 0
12.74 0 183.702 0 0 -183.702 0
12.75 0 183.702 0 0 -183.702 0
12.76 0 183.702 0 0 -183.702 0
12.77 0 183.702 0 0 -183.702 0
12.78 0 183.702 0 0 -183.702 0
12.79 0 183.702 0 0 -183.702 0
12.8 0 183.702 0 0 -183.702 0
12.81 0 183.702 0 0 -183.702 0
12.82 0 183.702 0 0 -183.702 0
12.83 0 183.702 0 0 -183.702 0
12.84 0 183.702 0 0 -183.702 0
12.85 0 183.702 0 0 -183.702 0
12.86 0 183.702 0 0 -183.702 0
12.87 0 183.702 0 0 -183.702 0
12.88 0 183.702 0 0 -183.702 0
12.89 0 183.702 0 0 -183.702 0
12.9 0 183.702 0 0 -183.702 0
12.91 0 183.702 0 0 -183.702 0
12.92 0 183.702 0 0 -183.702 0
12.93 0 183.73 0 0 -183.73 0
12.94 0 183.827 0 0 -183.827 0
12.95 0 183.934 0 0 -183.934 0
12.96 0 184.05 0 0 -184.05 0
12.97 0 184.174 0 0 -184.174 0
12.98 0 184.304 0 0 -184.304 0
12.99 0 184.44 0 0 -184.44 0
13 0 184.581 0 0 -184.581 0
13.01 0 184.726 0 0 -184.726 0
13.02 0 184.876 0 0 -184.876 0
13.03 0 185.029 0 0 -185.029 0
13.04 0 185.185 0 0 -185.185 0
13.05 0 185.344 0 0 -185.344 0
13.06 0 185.505 0 0 -185.505 0
13.07 0 185.505 0 0 -185.505 0
13.08 0 185.505 0 0 -185.505 0
13.09 0 185.505 0 0 -185.505 0
13.1 0 185.505 0 0 -185.505 0
13.11 0 185.505 0 0 -185.505 0
13.12 0 185.505 0 0 -185.505 0
13.13 0 185.505 0 0 -185.505 0
13.14 0 185.505 0 0 -185.505 0
13.15 0 185.505 0 0 -185.505 0
13.16 0 185.505 0 0 -185.505 0
13.17 0 185.505 0 0 -185.505 0
13.18 0 185.505 0 0 -185.505 0
13.19 0 185.505 0 0 -185.505 0
13.2 0 185.505 0 0 -185.505 0
13.21 0 185.505 0 0 -185.505 0
13.22 0 185.505 0 0 -185.505 0
13.23 0 185.505 0 0 -185.505 0
13.24 0 185.505 0 0 -185.505 0
13.25 0 185.505 0 0 -185.505 0
13.26 0 185.505 0 0 -185.505 0
13.27 0 185.505 0 0 -185.505 0
13.28 0 185.505 0 0 -185.505 0
13.29 0 185.505 0 0 -185.505 0
13.3 0 185.505 0 0 -185.505 0
13.31 0 185.505 0 0 -185.505 0
13.32 0 185.505 0 0 -185.505 0
13.33 0 185.505 0 0 -185.505 0
13.34 0 185.505 0 0 -185.505 0
13.35 0 185.505 0 0 -185.505 0
13.36 0 185.505 0 0 -185.505 0
13.37 0 185.505 0 0 -185.505 0
13.38 0 185.505 0 0 -185.505 0
13.39 0 185.505 0 0 -185.505 0
13.4 0 185.505 0 0 -185.505 0
13.41 0 185.505 0 0 -185.505 0
13.42 0 185.505 0 0 -185.505 0
13.43 0 185.505 0 0 -185.505 0
13.44 0 185.505 0 0 -185.505 0
13.45 0 185.505 0 0 -185.505 0
13.46 0 185.505 0 0 -185.505 0
13.47 0 185.505 0 0 -185.505 0
13.48 0 185.505 0 0 -185.505 0
13.49 0 185.505 0 0 -185.505 0
13.5 0 185.505 0 0 -185.505 0
13.51 0 185.505 0 0 -185.505 0
13.52 0 185.505 0 0 -185.505 0
13.53 0 185.505 0 0 -185.505 0
13.54 0 185.505 0 0 -185.505 0
13.55 0 185.505 0 0 -185.505 0
13.56 0 185.505 0 0 -185.505 0
13.57 0 185.505 0 0 -185.505 0
13.58 0 185.505 0 0 -185.505 0
13.59 0 185.505 0 0 -185.505 0
13.6 0 185.505 0 0 -185.505 0
13.61 0 185.505 0 0 -185.505 0
13.62 0 185.505 0 0 -185.505 0
13.63 0 185.505 0 0 -185.505 0
13.64 0 185.505 0 0 -185.505 0
13.65 0 185.505 0 0 -185.505 0
13.66 0 185.505 0 0 -185.505 0
13.67 0 185.505 0 0 -185.505 0
13.68 0 185.505 0 0 -185.505 0
13.69 0 185.505 0 0 -185.505 0
13.7 0 185.505 0 0 -185.505 0
13.71 0 185.505 0 0 -185.505 0
13.72 0 185.505 0 0 -185.505 0
13.73 0 185.505 0 0 -185.505 0
13.74 0 185.505 0 0 -185.505 0
13.75 0 185.505 0 0 -185.505 0
13.76 0 185.505 0 0 -185.505 0
13.77 0 185.505 0 0 -185.505 0
13.78 0 185.505 0 0 -185.505 0
13.79 0 185.505 0 0 -185.505 0
13.8 0 185.505 0 0 -185.505 0
13.81 0 185.505 0 0 -185.505 0
13.82 0 185.505 0 0 -185.505 0
13.83 0 185.505 0 0 -185.505 0
13.84 0 185.505 0 0 -185.505 0
13.85 0 185.505 0 0 -185.505 0
13.86 0 185.505 0 0 -185.505 0
13.87 0 185.505 0 0 -185.505 0
13.88 0 185.505 0 0 -185.505 0
13.89 0 185.505 0 0 -185.505 0
13.9 0 185.505 0 0 -185.505 0
13.91 0 185.505 0 0 -185.505 0
13.92 0 185.505 0 0 -185.505 0
13.93 0 185.505 0 0 -185.505 0
13.94 0 185.505 0 0 -185.505 0
13.95 0 185.505 0 0 -185.505 0
13.96 0 185.505 0 0 -185.505 0
13.97 0 185.505 0 0 -185.505 0
13.98 0 185.505 0 0 -185.505 0
13.99 0 185.505 0 0 -185.505 0
14 0 185.505 0 0 -185.505 0
14.01 0 185.505 0 0 -185.505 0
14.02 0 185.505 0 0 -185.505 0
14.03 0 185.505 0 0 -185.505 0
14.04 0 185.505 0 0 -185.505 0
14.05 0 185.505 0 0 -185.505 0
14.06 0 185.505 0 0 -185.505 0
14.07 0 185.505 0 0 -185.505 0
14.08 0 185.505 0 0 -185.505 0
14.09 0 185.505 0 0 -185.505 0
14.1 0 185.505 0 0 -185.505 0
14.11 0 185.505 0 0 -185.505 0
14.12 0 185.505 0 0 -185.505 0
14.13 0 185.505 0 0 -185.505 0
14.14 0 185.505 0 0 -185.505 0
14.15 0 185.505 0 0 -185.505 0
14.16 0 185.505 0 0 -185.505 0
14.17 0 185.505 0 0 -185.505 0
14.18 0 185.505 0 0 -185.505 0
14.19 0 185.505 0 0 -185.505 0
14.2 0 185.505 0 0 -185.505 0
14.21 0 185.505 0 0 -185.505 0
14.22 0 185.505 0 0 -185.505 0
14.23 0 185.505 0 0 -185.505 0
14.24 0 185.505 0 0 -185.505 0
14.25 0 185.505 0 0 -185.505 0
14.26 0 185.505 0 0 -185.505 0
14.27 0 185.505 0 0 -185.505 0
14.28 0 185.505 0 0 -185.505 0
14.29 0 185.505 0 0 -185.505 0
14.3 0 185.592 0 0 -185.592 0
14.31 0 185.73 0 0 -185.73 0
14.32 0 185.873 0 0 -185.873 0
14.33 0 186.022 0 0 -186.022 0
14.34 0 186.174 0 0 -186.174 0
14.35 0 186.329 0 0 -186.329 0
14.36 0 186.488 0 0 -186.488 0
14.37 0 186.649 0 0 -186.649 0
14.38 0 186.811 0 0 -186.811 0
14.39 0 186.976 0 0 -186.976 0
14.4 0 187.142 0 0 -187.142 0
14.41 0 187.309 0 0 -187.309 0
14.42 0 187.375 0 0 -187.375 0
14.43 0 187.375 0 0 -187.375 0
14.44 0 187.375 0 0 -187.375 0
14.45 0 187.375 0 0 -187.375 0
14.46 0 187.375 0 0 -187.375 0
14.47 0 187.375 0 0 -187.375 0
14.48 0 187.375 0 0 -187.375 0
14.49 0 187.375 0 0 -187.375 0
14.5 0 187.375 0 0 -187.375 0
14.51 0 187.375 0 0 -187.375 0
14.52 0 187.375 0 0 -187.375 0
14.53 0 187.375 0 0 -187.375 0
14.54 0 187.375 0 0 -187.375 0
14.55 0 187.375 0 0 -187.375 0
14.56 0 187.375 0 0 -187.375 0
14.57 0 187.375 0 0 -187.375 0
14.58 0 187.375 0 0 -187.375 0
14.59 0 187.375 0 0 -187.375 0
14.6 0 187.375 0 0 -187.375 0
14.61 0 187.375 0 0 -187.375 0
14.62 0 187.375 0 0 -187.375 0
14.63 0 187.375 0 0 -187.375 0
14.64 0 187.375 0 0 -187.375 0
14.65 0 187.375 0 0 -187.375 0
14.66 0 187.375 0 0 -187.375 0
14.67 0 187.375 0 0 -187.375 0
14.68 0 187.375 0 0 -187.375 0
14.69 0 187.375 0 0 -187.375 0
14.7 0 187.375 0 0 -187.375 0
14.71 0 187.375 0 0 -187.375 0
14.72 0 187.375 0 0 -187.375 0
14.73 0 187.375 0 0 -187.375 0
14.74 0 187.375 0 0 -187.375 0
14.75 0 187.375 0 0 -187.375 0
14.76 0 187.375 0 0 -187.375 0
14.77 0 187.375 0 0 -187.375 0
14.78 0 187.375 0 0 -187.375 0
14.79 0 187.375 0 0 -187.375 0
14.8 0 187.375 0 0 -187.375 0
14.81 0 187.375 0 0 -187.375 0
14.82 0 187.375 0 0 -187.375 0
14.83 0 187.375 0 0 -187.375 0
14.84 0 187.375 0 0 -187.375 0
14.85 0 187.375 0 0 -187.375 0
14.86 0 187.375 0 0 -187.375 0
14.87 0 187.375 0 0 -187.375 0
14.88 0 187.375 0 0 -187.375 0
14.89 0 187.375 0 0 -187.375 0
14.9 0 187.375 0 0 -187.375 0
14.91 0 187.375 0 0 -187.375 0
14.92 0 187.375 0 0 -187.375 0
14.93 0 187.375 0 0 -187.375 0
14.94 0 187.375 0 0 -187.375 0
14.95 0 187.375 0 0 -187.375 0
14.96 0 187.375 0 0 -187.375 0
14.97 0 187.375 0 0 -187.375 0
14.98 0 187.375 0 0 -187.375 0
14.99 0 187.375 0 0 -187.375 0
15 0 187.375 0 0 -187.375 0
15.01 0 187.544 0 0 -187.544 0
15.02 0 187.733 0 0 -187.733 0
15.03 0 187.733 0 0 -187.733 0
15.04 0 187.733 0 0 -187.733 0
15.05 0 187.733 0 0 -187.733 0
15.06 0 187.733 0 0 -187.733 0
15.07 0 187.733 0 0 -187.733 0
15.08 0 187.733 0 0 -187.733 0
15.09 0 187.733 0 0 -187.733 0
15.1 0 187.733 0 0 -187.733 0
15.11 0 187.733 0 0 -187.733 0
15.12 0 187.733 0 0 -187.733 0
15.13 0 187.733 0 0 -187.733 0
15.14 0 187.733 0 0 -187.733 0
15.15 0 187.733 0 0 -187.733 0
15.16 0 187.733 0 0 -187.733 0
15.17 0 187.733 0 0 -187.733 0
15.18 0 187.733 0 0 -187.733 0
15.19 0 187.733 0 0 -187.733 0
15.2 0 187.733 0 0 -187.733 0
15.21 0 187.733 0 0 -187.733 0
15.22 0 187.733 0 0 -187.733 0
15.23 0 187.733 0 0 -187.733 0
15.24 0 187.733 0 0 -187.733 0
15.25 0 187.733 0 0 -187.733 0
15.26 0 187.733 0 0 -187.733 0
15.27 0 187.733 0 0 -187.733 0
15.28 0 187.733 0 0 -187.733 0
15.29 0 187.733 0 0 -187.733 0
15.3 0 187.733 0 0 -187.733 0
15.31 0 187.733 0 0 -187.733 0
15.32 0 187.733 0 0 -187.733 0
15.33 0 187.733 0 0 -187.733 0
15.34 0 187.733 0 0 -187.733 0
15.35 0 187.733 0 0 -187.733 0
15.36 0 187.733 0 0 -187.733 0
15.37 0 187.733 0 0 -187.733 0
15.38 0 187.733 0 0 -187.733 0
15.39 0 187.733 0 0 -187.733 0
15.4 0 187.733 0 0 -187.733 0
15.41 0 187.733 0 0 -187.733 0
15.42 0 187.733 0 0 -187.733 0
15.43 0 187.733 0 0 -187.733 0
15.44 0 187.733 0 0 -187.733 0
15.45 0 187.733 0 0 -187.733 0
15.46 0 187.733 0 0 -187.733 0
15.47 0 187.733 0 0 -187.733 0
15.48 0 187.733 0 0 -187.733 0
15.49 0 187.733 0 0 -187.733 0
15.5 0 187.733 0 0 -187.733 0
15.51 0 187.733 0 0 -187.733 0
15.52 0 187.733 0 0 -187.733 0
15.53 0 187.733 0 0 -187.733 0
15.54 0 187.733 0 0 -187.733 0
15.55 0 187.733 0 0 -187.733 0
15.56 0 187.733 0 0 -187.733 0
15.57 0 187.733 0 0 -187.733 0
15.58 0 187.733 0 0 -187.733 0
15.59 0 187.733 0 0 -187.733 0
15.6 0 187.733 0 0 -187.733 0
15.61 0 187.733 0 0 -187.733 0
15.62 0 187.733 0 0 -187.733 0
15.63 0 187.733 0 0 -187.733 0
15.64 0 187.733 0 0 -187.733 0
15.65 0 187.733 0 0 -187.733 0
15.66 0 187.733 0 0 -187.733 0
15.67 0 187.733 0 0 -187.733 0
15.68 0 187.789 0 0 -187.789 0
15.69 0 187.917 0 0 -187.917 0
15.7 0 188.047 0 0 -188.047 0
15.71 0 188.178 0 0 -188.178 0
15.72 0 188.31 0 0 -188.31 0
15.73 0 188.444 0 0 -188.444 0
15.74 0 188.578 0 0 -188.578 0
15.75 0 188.714 0 0 -188.714 0
15.76 0 188.85 0 0 -188.85 0
15.77 0 188.986 0 0 -188.986 0
15.78 0 188.987 0 0 -188.987 0
15.79 0 188.987 0 0 -188.987 0
15.8 0 188.987 0 0 -188.987 0
15.81 0 188.987 0 0 -188.987 0
15.82 0 188.987 0 0 -188.987 0
15.83 0 188.987 0 0 -188.987 0
15.84 0 188.987 0 0 -188.987 0
15.85 0 188.987 0 0 -188.987 0
15.86 0 188.987 0 0 -188.987 0
15.87 0 188.987 0 0 -188.987 0
15.88 0 188.987 0 0 -188.987 0
15.89 0 188.987 0 0 -188.987 0
15.9 0 188.987 0 0 -188.987 0
15.91 0 188.987 0 0 -188.987 0
15.92 0 188.987 0 0 -188.987 0
15.93 0 188.987 0 0 -188.987 0
15.94 0 188.987 0 0 -188.987 0
15.95 0 188.987 0 0 -188.987 0
15.96 0 188.987 0 0 -188.987 0
15.97 0 188.987 0 0 -188.987 0
15.98 0 188.987 0 0 -188.987 0
15.99 0 188.987 0 0 -188.987 0
16 0 188.987 0 0 -188.987 0
16.01 0 188.987 0 0 -188.987 0
16.02 0 188.987 0 0 -188.987 0
16.03 0 188.987 0 0 -188.987 0
16.04 0 188.987 0 0 -188.987 0
16.05 0 188.987 0 0 -188.987 0
16.06 0 188.987 0 0 -188.987 0
16.07 0 188.987 0 0 -188.987 0
16.08 0 188.987 0 0 -188.987 0
16.09 0 188.987 0 0 -188.987 0
16.1 0 188.987 0 0 -188.987 0
16.11 0 188.987 0 0 -188.987 0
16.12 0 188.987 0 0 -188.987 0
16.13 0 188.987 0 0 -188.987 0
16.14 0 188.987 0 0 -188.987 0
16.15 0 188.987 0 0 -188.987 0
16.16 0 188.987 0 0 -188.987 0
16.17 0 188.987 0 0 -188.987 0
16.18 0 188.987 0 0 -188.987 0
16.19 0 188.987 0 0 -188.987 0
16.2 0 188.987 0 0 -188.987 0
16.21 0 188.987 0 0 -188.987 0
16.22 0 188.987 0 0 -188.987 0
16.23 0 188.987 0 0 -188.987 0
16.24 0 188.987 0 0 -188.987 0
16.25 0 188.987 0 0 -188.987 0
16.26 0 188.987 0 0 -188.987 0
16.27 0 188.987 0 0 -188.987 0
16.28 0 188.987 0 0 -188.987 0
16.29 0 188.987 0 0 -188.987 0
16.3 0 188.987 0 0 -188.987 0
16.31 0 188.987 0 0 -188.987 0
16.32 0 188.987 0 0 -188.987 0
16.33 0 189.091 0 0 -189.091 0
16.34 0 189.337 0 0 -189.337 0
16.35 0 189.585 0 0 -189.585 0
16.36 0 189.834 0 0 -189.834 0
16.37 0 190.083 0 0 -190.083 0
16.38 0 190.205 0 0 -190.205 0
16.39 0 190.206 0 0 -190.206 0
16.4 0 190.205 0 0 -190.205 0
16.41 0 190.206 0 0 -190.206 0
16.42 0 190.206 0 0 -190.206 0
16.43 0 190.206 0 0 -190.206 0
16.44 0 190.206 0 0 -190.206 0
16.45 0 190.206 0 0 -190.206 0
16.46 0 190.206 0 0 -190.206 0
16.47 0 190.206 0 0 -190.206 0
16.48 0 190.206 0 0 -190.206 0
16.49 0 190.206 0 0 -190.206 0
16.5 0 190.206 0 0 -190.206 0
16.51 0 190.206 0 0 -190.206 0
16.52 0 190.206 0 0 -190.206 0
16.53 0 190.206 0 0 -190.206 0
16.54 0 190.206 0 0 -190.206 0
16.55 0 190.206 0 0 -190.206 0
16.56 0 190.206 0 0 -190.206 0
16.57 0 190.206 0 0 -190.206 0
16.58 0 190.206 0 0 -190.206 0
16.59 0 190.206 0 0 -190.206 0
16.6 0 190.206 0 0 -190.206 0
16.61 0 190.206 0 0 -190.206 0
16.62 0 190.206 0 0 -190.206 0
16.63 0 190.206 0 0 -190.206 0
16.64 0 190.206 0 0 -190.206 0
16.65 0 190.206 0 0 -190.206 0
16.66 0 190.206 0 0 -190.206 0
16.67 0 190.206 0 0 -190.206 0
16.68 0 190.206 0 0 -190.206 0
16.69 0 190.206 0 0 -190.206 0
16.7 0 190.206 0 0 -190.206 0
16.71 0 190.206 0 0 -190.206 0
16.72 0 190.206 0 0 -190.206 0
16.73 0 190.206 0 0 -190.206 0
16.74 0 190.206 0 0 -190.206 0
16.75 0 190.206 0 0 -190.206 0
16.76 0 190.206 0 0 -190.206 0
16.77 0 190.206 0 0 -190.206 0
16.78 0 190.206 0 0 -190.206 0
16.79 0 190.206 0 0 -190.206 0
16.8 0 190.206 0 0 -190.206 0
16.81 0 190.206 0 0 -190.206 0
16.82 0 190.206 0 0 -190.206 0
16.83 0 190.206 0 0 -190.206 0
16.84 0 190.206 0 0 -190.206 0
16.85 0 190.206 0 0 -190.206 0
16.86 0 190.206 0 0 -190.206 0
16.87 0 190.206 0 0 -190.206 0
16.88 0 190.206 0 0 -190.206 0
16.89 0 190.206 0 0 -190.206 0
16.9 0 190.206 0 0 -190.206 0
16.91 0 190.206 0 0 -190.206 0
16.92 0 190.206 0 0 -190.206 0
16.93 0 190.206 0 0 -190.206 0
16.94 0 190.206 0 0 -190.206 0
16.95 0 190.206 0 0 -190.206 0
16.96 0 190.206 0 0 -190.206 0
16.97 0 190.206 0 0 -190.206 0
16.98 0 190.206 0 0 -190.206 0
16.99 0 190.206 0 0 -190.206 0
17 0 190.206 0 0 -190.206 0
17.01 0 190.206 0 0 -190.206 0
17.02 0 190.206 0 0 -190.206 0
17.03 0 190.206 0 0 -190.206 0
17.04 0 190.206 0 0 -190.206 0
17.05 0 190.206 0 0 -190.206 0
17.06 0 190.206 0 0 -190.206 0
17.07 0 190.206 0 0 -190.206 0
17.08 0 190.206 0 0 -190.206 0
17.09 0 190.206 0 0 -190.206 0
17.1 0 190.206 0 0 -190.206 0
17.11 0 190.276 0 0 -190.276 0
17.12 0 190.358 0 0 -190.358 0
17.13 0 190.441 0 0 -190.441 0
17.14 0 190.442 0 0 -190.442 0
17.15 0 190.441 0 0 -190.441 0
17.16 0 190.442 0 0 -190.442 0
17.17 0 190.442 0 0 -190.442 0
17.18 0 190.442 0 0 -190.442 0
17.19 0 190.442 0 0 -190.442 0
17.2 0 190.442 0 0 -190.442 0
17.21 0 190.442 0 0 -190.442 0
17.22 0 190.442 0 0 -190.442 0
17.23 0 190.442 0 0 -190.442 0
17.24 0 190.442 0 0 -190.442 0
17.25 0 190.442 0 0 -190.442 0
17.26 0 190.442 0 0 -190.442 0
17.27 0 190.442 0 0 -190.442 0
17.28 0 190.442 0 0 -190.442 0
17.29 0 190.442 0 0 -190.442 0
17.3 0 190.442 0 0 -190.442 0
17.31 0 190.442 0 0 -190.442 0
17.32 0 190.442 0 0 -190.442 0
17.33 0 190.442 0 0 -190.442 0
17.34 0 190.442 0 0 -190.442 0
17.35 0 190.442 0 0 -190.442 0
17.36 0 190.442 0 0 -190.442 0
17.37 0 190.442 0 0 -190.442 0
17.38 0 190.442 0 0 -190.442 0
17.39 0 190.442 0 0 -190.442 0
17.4 0 190.442 0 0 -190.442 0
17.41 0 190.442 0 0 -190.442 0
17.42 0 190.442 0 0 -190.442 0
17.43 0 190.442 0 0 -190.442 0
17.44 0 190.442 0 0 -190.442 0
17.45 0 190.442 0 0 -190.442 0
17.46 0 190.442 0 0 -190.442 0
17.47 0 190.442 0 0 -190.442 0
17.48 0 190.442 0 0 -190.442 0
17.49 0 190.442 0 0 -190.442 0
17.5 0 190.442 0 0 -190.442 0
17.51 0 190.442 0 0 -190.442 0
17.52 0 190.442 0 0 -190.442 0
17.53 0 190.442 0 0 -190.442 0
17.54 0 190.442 0 0 -190.442 0
17.55 0 190.442 0 0 -190.442 0
17.56 0 190.442 0 0 -190.442 0
17.57 0 190.442 0 0 -190.442 0
17.58 0 190.442 0 0 -190.442 0
17.59 0 190.442 0 0 -190.442 0
17.6 0 190.442 0 0 -190.442 0
17.61 0 190.442 0 0 -190.442 0
17.62 0 190.442 0 0 -190.442 0
17.63 0 190.442 0 0 -190.442 0
17.64 0 190.442 0 0 -190.442 0
17.65 0 190.442 0 0 -190.442 0
17.66 0 190.69 0 0 -190.69 0
17.67 0 190.981 0 0 -190.981 0
17.68 0 191.274 0 0 -191.274 0
17.69 0 191.568 0 0 -191.568 0
17.7 0 191.863 0 0 -191.863 0
17.71 0 192.159 0 0 -192.159 0
17.72 0 192.455 0 0 -192.455 0
17.73 0 192.752 0 0 -192.752 0
17.74 0 192.752 0 0 -192.752 0
17.75 0 192.752 0 0 -192.752 0
17.76 0 192.752 0 0 -192.752 0
17.77 0 192.752 0 0 -192.752 0
17.78 0 192.752 0 0 -192.752 0
17.79 0 192.752 0 0 -192.752 0
17.8 0 192.752 0 0 -192.752 0
17.81 0 192.752 0 0 -192.752 0
17.82 0 192.752 0 0 -192.752 0
17.83 0 192.752 0 0 -192.752 0
17.84 0 192.752 0 0 -192.752 0
17.85 0 192.752 0 0 -192.752 0
17.86 0 192.752 0 0 -192.752 0
17.87 0 192.752 0 0 -192.752 0
17.88 0 192.752 0 0 -192.752 0
17.89 0 192.752 0 0 -192.752 0
17.9 0 192.752 0 0 -192.752 0
17.91 0 192.752 0 0 -192.752 0
17.92 0 192.752 0 0 -192.752 0
17.93 0 192.752 0 0 -192.752 0
17.94 0 192.752 0 0 -192.752 0
17.95 0 192.752 0 0 -192.752 0
17.96 0 192.752 0 0 -192.752 0
17.97 0 192.752 0 0 -192.752 0
17.98 0 192.752 0 0 -192.752 0
17.99 0 192.752 0 0 -192.752 0
18 0 192.752 0 0 -192.752 0
18.01 0 192.752 0 0 -192.752 0
18.02 0 192.752 0 0 -192.752 0
18.03 0 192.752 0 0 -192.752 0
18.04 0 192.752 0 0 -192.752 0
18.05 0 192.752 0 0 -192.752 0
18.06 0 192.752 0 0 -192.752 0
18.07 0 192.752 0 0 -192.752 0
18.08 0 192.752 0 0 -192.752 0
18.09 0 192.752 0 0 -192.752 0
18.1 0 192.752 0 0 -192.752 0
18.11 0 192.752 0 0 -192.752 0
18.12 0 192.752 0 0 -192.752 0
18.13 0 192.752 0 0 -192.752 0
18.14 0 192.752 0 0 -192.752 0
18.15 0 192.752 0 0 -192.752 0
18.16 0 192.752 0 0 -192.752 0
18.17 0 192.752 0 0 -192.752 0
18.18 0 192.752 0 0 -192.752 0
18.19 0 192.752 0 0 -192.752 0
18.2 0 192.752 0 0 -192.752 0
18.21 0 192.752 0 0 -192.752 0
18.22 0 192.752 0 0 -192.752 0
18.23 0 192.752 0 0 -192.752 0
18.24 0 192.752 0 0 -192.752 0
18.25 0 192.752 0 0 -192.752 0
18.26 0 192.752 0 0 -192.752 0
18.27 0 192.752 0 0 -192.752 0
18.28 0 192.752 0 0 -192.752 0
18.29 0 192.752 0 0 -192.752 0
18.3 0 192.752 0 0 -192.752 0
18.31 0 192.752 0 0 -192.752 0
18.32 0 192.752 0 0 -192.752 0
18.33 0 192.752 0 0 -192.752 0
18.34 0 192.752 0 0 -192.752 0
18.35 0 192.752 0 0 -192.752 0
18.36 0 192.752 0 0 -192.752 0
18.37 0 192.752 0 0 -192.752 0
18.38 0 192.752 0 0 -192.752 0
18.39 0 192.752 0 0 -192.752 0
18.4 0 192.752 0 0 -192.752 0
18.41 0 192.752 0 0 -192.752 0
18.42 0 192.752 0 0 -192.752 0
18.43 0 192.752 0 0 -192.752 0
18.44 0 192.752 0 0 -192.752 0
18.45 0 192.752 0 0 -192.752 0
18.46 0 192.752 0 0 -192.752 0
18.47 0 192.752 0 0 -192.752 0
18.48 0 192.752 0 0 -192.752 0
18.49 0 192.752 0 0 -192.752 0
18.5 0 192.752 0 0 -192.752 0
18.51 0 192.752 0 0 -192.752 0
18.52 0 192.752 0 0 -192.752 0
18.53 0 192.752 0 0 -192.752 0
18.54 0 192.752 0 0 -192.752 0
18.55 0 192.752 0 0 -192.752 0
18.56 0 192.752 0 0 -192.752 0
18.57 0 192.752 0 0 -192.752 0
18.58 0 192.752 0 0 -192.752 0
18.59 0 192.752 0 0 -192.752 0
18.6 0 192.752 0 0 -192.752 0
18.61 0 192.752 0 0 -192.752 0
18.62 0 192.752 0 0 -192.752 0
18.63 0 192.752 0 0 -192.752 0
18.64 0 192.752 0 0 -192.752 0
18.65 0 192.752 0 0 -192.752 0
18.66 0 192.752 0 0 -192.752 0
18.67 0 192.752 0 0 -192.752 0
18.68 0 192.752 0 0 -192.752 0
18.69 0 192.752 0 0 -192.752 0
18.7 0 192.752 0 0 -192.752 0
18.71 0 192.752 0 0 -192.752 0
18.72 0 192.752 0 0 -192.752 0
18.73 0 192.752 0 0 -192.752 0
18.74 0 192.752 0 0 -192.752 0
18.75 0 192.752 0 0 -192.752 0
18.76 0 192.752 0 0 -192.752 0
18.77 0 192.752 0 0 -192.752 0
18.78 0 192.752 0 0 -192.752 0
18.79 0 192.752 0 0 -192.752 0
18.8 0 192.752 0 0 -192.752 0
18.81 0 192.752 0 0 -192.752 0
18.82 0 192.752 0 0 -192.752 0
18.83 0 192.752 0 0 -192.752 0
18.84 0 192.752 0 0 -192.752 0
18.85 0 192.752 0 0 -192.752 0
18.86 0 192.752 0 0 -192.752 0
18.87 0 192.752 0 0 -192.752 0
18.88 0 192.752 0 0 -192.752 0
18.89 0 192.752 0 0 -192.752 0
18.9 0 192.752 0 0 -192.752 0
18.91 0 192.752 0 0 -192.752 0
18.92 0 192.752 0 0 -192.752 0
18.93 0 192.752 0 0 -192.752 0
18.94 0 192.752 0 0 -192.752 0
18.95 0 192.752 0 0 -192.752 0
18.96 0 192.752 0 0 -192.752 0
18.97 0 192.752 0 0 -192.752 0
18.98 0 192.752 0 0 -192.752 0
18.99 0 192.752 0 0 -192.752 0
19 0 192.752 0 0 -192.752 0
19.01 0 192.752 0 0 -192.752 0
19.02 0 192.752 0 0 -192.752 0
19.03 0 192.985 0 0 -192.985 0
19.04 0 193.286 0 0 -193.286 0
19.05 0 193.586 0 0 -193.586 0
19.06 0 193.887 0 0 -193.887 0
19.07 0 194.188 0 0 -194.188 0
19.08 0 194.489 0 0 -194.489 0
19.09 0 194.79 0 0 -194.79 0
19.1 0 194.79 0 0 -194.79 0
19.11 0 194.79 0 0 -194.79 0
19.12 0 194.79 0 0 -194.79 0
19.13 0 194.79 0 0 -194.79 0
19.14 0 194.79 0 0 -194.79 0
19.15 0 194.79 0 0 -194.79 0
19.16 0 194.79 0 0 -194.79 0
19.17 0 194.79 0 0 -194.79 0
19.18 0 194.79 0 0 -194.79 0
19.19 0 194.79 0 0 -194.79 0
19.2 0 194.79 0 0 -194.79 0
19.21 0 194.79 0 0 -194.79 0
19.22 0 194.79 0 0 -194.79 0
19.23 0 194.79 0 0 -194.79 0
19.24 0 194.79 0 0 -194.79 0
19.25 0 194.79 0 0 -194.79 0
19.26 0 194.79 0 0 -194.79 0
19.27 0 194.79 0 0 -194.79 0
19.28 0 194.79 0 0 -194.79 0
19.29 0 194.79 0 0 -194.79 0
19.3 0 194.79 0 0 -194.79 0
19.31 0 194.79 0 0 -194.79 0
19.32 0 194.79 0 0 -194.79 0
19.33 0 194.79 0 0 -194.79 0
19.34 0 194.79 0 0 -194.79 0
19.35 0 194.79 0 0 -194.79 0
19.36 0 194.79 0 0 -194.79 0
19.37 0 194.79 0 0 -194.79 0
19.38 0 194.79 0 0 -194.79 0
19.39 0 194.79 0 0 -194.79 0
19.4 0 194.79 0 0 -194.79 0
19.41 0 194.79 0 0 -194.79 0
19.42 0 194.79 0 0 -194.79 0
19.43 0 194.79 0 0 -194.79 0
19.44 0 194.79 0 0 -194.79 0
19.45 0 194.79 0 0 -194.79 0
19.46 0 194.79 0 0 -194.79 0
19.47 0 194.79 0 0 -194.79 0
19.48 0 194.79 0 0 -194.79 0
19.49 0 194.79 0 0 -194.79 0
19.5 0 194.79 0 0 -194.79 0
19.51 0 194.79 0 0 -194.79 0
19.52 0 194.79 0 0 -194.79 0
19.53 0 194.79 0 0 -194.79 0
19.54 0 194.79 0 0 -194.79 0
19.55 0 194.79 0 0 -194.79 0
19.56 0 194.79 0 0 -194.79 0
19.57 0 194.79 0 0 -194.79 0
19.58 0 194.79 0 0 -194.79 0
19.59 0 194.79 0 0 -194.79 0
19.6 0 194.79 0 0 -194.79 0
19.61 0 194.79 0 0 -194.79 0
19.62 0 194.79 0 0 -194.79 0
19.63 0 194.79 0 0 -194.79 0
19.64 0 194.79 0 0 -194.79 0
19.65 0 194.79 0 0 -194.79 0
19.66 0 194.79 0 0 -194.79 0
19.67 0 194.79 0 0 -194.79 0
19.68 0 194.79 0 0 -194.79 0
19.69 0 194.79 0 0 -194.79 0
19.7 0 194.79 0 0 -194.79 0
19.71 0 194.79 0 0 -194.79 0
19.72 0 194.79 0 0 -194.79 0
19.73 0 194.79 0 0 -194.79 0
19.74 0 194.79 0 0 -194.79 0
19.75 0 194.79 0 0 -194.79 0
19.76 0 194.79 0 0 -194.79 0
19.77 0 194.79 0 0 -194.79 0
19.78 0 194.79 0 0 -194.79 0
19.79 0 194.79 0 0 -194.79 0
19.8 0 194.79 0 0 -194.79 0
19.81 0 194.79 0 0 -194.79 0
19.82 0 194.79 0 0 -194.79 0
19.83 0 194.79 0 0 -194.79 0
19.84 0 194.79 0 0 -194.79 0
19.85 0 194.79 0 0 -194.79 0
19.86 0 194.79 0 0 -194.79 0
19.87 0 194.79 0 0 -194.79 0
19.88 0 194.79 0 0 -194.79 0
19.89 0 194.79 0 0 -194.79 0
19.9 0 194.79 0 0 -194.79 0
19.91 0 194.79 0 0 -194.79 0
19.92 0 194.79 0 0 -194.79 0
19.93 0 194.79 0 0 -194.79 0
19.94 0 194.79 0 0 -194.79 0
19.95 0 194.79 0 0 -194.79 0
19.96 0 194.79 0 0 -194.79 0
19.97 0 194.79 0 0 -194.79 0
19.98 0 194.79 0 0 -194.79 0
19.99 0 194.79 0 0 -194.79 0
20 0 194.79 0 0 -194.79 0
20.01 0 194.79 0 0 -194.79 0
20.02 0 194.79 0 0 -194.79 0
20.03 0 194.79 0 0 -194.79 0
20.04 0 194.79 0 0 -194.79 0
20.05 0 194.79 0 0 -194.79 0
20.06 0 194.79 0 0 -194.79 0
20.07 0 194.79 0 0 -194.79 0
20.08 0 194.79 0 0 -194.79 0
20.09 0 194.79 0 0 -194.79 0
20.1 0 194.79 0 0 -194.79 0
20.11 0 194.79 0 0 -194.79 0
20.12 0 194.79 0 0 -194.79 0
20.13 0 194.79 0 0 -194.79 0
20.14 0 194.79 0 0 -194.79 0
20.15 0 194.79 0 0 -194.79 0
20.16 0 194.79 0 0 -194.79 0
20.17 0 194.79 0 0 -194.79 0
20.18 0 194.79 0 0 -194.79 0
20.19 0 194.79 0 0 -194.79 0
20.2 0 194.79 0 0 -194.79 0
20.21 0 194.79 0 0 -194.79 0
20.22 0 194.79 0 0 -194.79 0
20.23 0 194.79 0 0 -194.79 0
20.24 0 194.79 0 0 -194.79 0
20.25 0 194.79 0 0 -194.79 0
20.26 0 194.79 0 0 -194.79 0
20.27 0 194.79 0 0 -194.79 0
20.28 0 194.79 0 0 -194.79 0
20.29 0 194.79 0 0 -194.79 0
20.3 0 194.79 0 0 -194.79 0
20.31 0 194.79 0 0 -194.79 0
20.32 0 194.79 0 0 -194.79 0
20.33 0 194.79 0 0 -194.79 0
20.34 0 194.79 0 0 -194.79 0
20.35 0 194.79 0 0 -194.79 0
20.36 0 194.79 0 0 -194.79 0
20.37 0 194.79 0 0 -194.79 0
20.38 0 194.79 0 0 -194.79 0
20.39 0 194.79 0 0 -194.79 0
20.4 0 194.79 0 0 -194.79 0
20.41 0 194.953 0 0 -194.953 0
20.42 0 195.208 0 0 -195.208 0
20.43 0 195.462 0 0 -195.462 0
20.44 0 195.718 0 0 -195.718 0
20.45 0 195.815 0 0 -195.815 0
20.46 0 195.816 0 0 -195.816 0
20.47 0 195.815 0 0 -195.815 0
20.48 0 195.815 0 0 -195.815 0
20.49 0 195.815 0 0 -195.815 0
20.5 0 195.815 0 0 -195.815 0
20.51 0 195.815 0 0 -195.815 0
20.52 0 195.815 0 0 -195.815 0
20.53 0 195.815 0 0 -195.815 0
20.54 0 195.815 0 0 -195.815 0
20.55 0 195.815 0 0 -195.815 0
20.56 0 195.815 0 0 -195.815 0
20.57 0 195.815 0 0 -195.815 0
20.58 0 195.815 0 0 -195.815 0
20.59 0 195.815 0 0 -195.815 0
20.6 0 195.815 0 0 -195.815 0
20.61 0 195.815 0 0 -195.815 0
20.62 0 195.815 0 0 -195.815 0
20.63 0 195.815 0 0 -195.815 0
20.64 0 195.815 0 0 -195.815 0
20.65 0 195.815 0 0 -195.815 0
20.66 0 195.815 0 0 -195.815 0
20.67 0 195.815 0 0 -195.815 0
20.68 0 195.815 0 0 -195.815 0
20.69 0 195.815 0 0 -195.815 0
20.7 0 195.815 0 0 -195.815 0
20.71 0 195.815 0 0 -195.815 0
20.72 0 195.815 0 0 -195.815 0
20.73 0 195.815 0 0 -195.815 0
20.74 0 195.815 0 0 -195.815 0
20.75 0 195.815 0 0 -195.815 0
20.76 0 195.815 0 0 -195.815 0
20.77 0 195.815 0 0 -195.815 0
20.78 0 195.815 0 0 -195.815 0
20.79 0 195.815 0 0 -195.815 0
20.8 0 195.815 0 0 -195.815 0
20.81 0 195.815 0 0 -195.815 0
20.82 0 195.815 0 0 -195.815 0
20.83 0 195.815 0 0 -195.815 0
20.84 0 195.815 0 0 -195.815 0
20.85 0 195.815 0 0 -195.815 0
20.86 0 195.815 0 0 -195.815 0
20.87 0 195.815 0 0 -195.815 0
20.88 0 195.815 0 0 -195.815 0
20.89 0 195.815 0 0 -195.815 0
20.9 0 195.815 0 0 -195.815 0
20.91 0 195.815 0 0 -195.815 0
20.92 0 195.815 0 0 -195.815 0
20.93 0 195.815 0 0 -195.815 0
20.94 0 195.815 0 0 -195.815 0
20.95 0 195.815 0 0 -195.815 0
20.96 0 195.815 0 0 -195.815 0
20.97 0 195.815 0 0 -195.815 0
20.98 0 195.815 0 0 -195.815 0
20.99 0 195.815 0 0 -195.815 0
21 0 195.815 0 0 -195.815 0
21.01 0 195.815 0 0 -195.815 0
21.02 0 195.815 0 0 -195.815 0
21.03 0 195.815 0 0 -195.815 0
21.04 0 195.815 0 0 -195.815 0
21.05 0 195.815 0 0 -195.815 0
21.06 0 195.815 0 0 -195.815 0
21.07 0 195.815 0 0 -195.815 0
21.08 0 195.815 0 0 -195.815 0
21.09 0 195.815 0 0 -195.815 0
21.1 0 195.815 0 0 -195.815 0
21.11 0 195.815 0 0 -195.815 0
21.12 0 195.815 0 0 -195.815 0
21.13 0 195.815 0 0 -195.815 0
21.14 0 195.815 0 0 -195.815 0
21.15 0 195.815 0 0 -195.815 0
21.16 0 195.815 0 0 -195.815 0
21.17 0 195.815 0 0 -195.815 0
21.18 0 195.815 0 0 -195.815 0
21.19 0 195.815 0 0 -195.815 0
21.2 0 195.815 0 0 -195.815 0
21.21 0 195.815 0 0 -195.815 0
21.22 0 195.815 0 0 -195.815 0
21.23 0 195.815 0 0 -195.815 0
21.24 0 195.815 0 0 -195.815 0
21.25 0 195.815 0 0 -195.815 0
21.26 0 195.815 0 0 -195.815 0
21.27 0 195.815 0 0 -195.815 0
21.28 0 195.815 0 0 -195.815 0
21.29 0 195.815 0 0 -195.815 0
21.3 0 195.815 0 0 -195.815 0
21.31 0 195.815 0 0 -195.815 0
21.32 0 195.815 0 0 -195.815 0
21.33 0 195.815 0 0 -195.815 0
21.34 0 195.815 0 0 -195.815 0
21.35 0 195.815 0 0 -195.815 0
21.36 0 195.815 0 0 -195.815 0
21.37 0 195.815 0 0 -195.815 0
21.38 0 195.815 0 0 -195.815 0
21.39 0 195.815 0 0 -195.815 0
21.4 0 195.815 0 0 -195.815 0
21.41 0 195.815 0 0 -195.815 0
21.42 0 195.815 0 0 -195.815 0
21.43 0 195.815 0 0 -195.815 0
21.44 0 195.815 0 0 -195.815 0
21.45 0 195.815 0 0 -195.815 0
21.46 0 195.815 0 0 -195.815 0
21.47 0 195.815 0 0 -195.815 0
21.48 0 195.815 0 0 -195.815 0
21.49 0 195.815 0 0 -195.815 0
21.5 0 195.815 0 0 -195.815 0
21.51 0 195.815 0 0 -195.815 0
21.52 0 195.815 0 0 -195.815 0
21.53 0 195.815 0 0 -195.815 0
21.54 0 195.815 0 0 -195.815 0
21.55 0 195.815 0 0 -195.815 0
21.56 0 195.815 0 0 -195.815 0
21.57 0 195.815 0 0 -195.815 0
21.58 0 195.815 0 0 -195.815 0
21.59 0 195.815 0 0 -195.815 0
21.6 0 195.815 0 0 -195.815 0
21.61 0 195.815 0 0 -195.815 0
21.62 0 195.815 0 0 -195.815 0
21.63 0 195.815 0 0 -195.815 0
21.64 0 195.815 0 0 -195.815 0
21.65 0 195.815 0 0 -195.815 0
21.66 0 195.815 0 0 -195.815 0
21.67 0 195.815 0 0 -195.815 0
21.68 0 195.815 0 0 -195.815 0
21.69 0 195.815 0 0 -195.815 0
21.7 0 195.815 0 0 -195.815 0
21.71 0 195.815 0 0 -195.815 0
21.72 0 195.815 0 0 -195.815 0
21.73 0 195.815 0 0 -195.815 0
21.74 0 195.815 0 0 -195.815 0
21.75 0 195.815 0 0 -195.815 0
21.76 0 195.815 0 0 -195.815 0
21.77 0 195.931 0 0 -195.931 0
21.78 0 196.113 0 0 -196.113 0
21.79 0 196.295 0 0 -196.295 0
21.8 0 196.477 0 0 -196.477 0
21.81 0 196.477 0 0 -196.477 0
21.82 0 196.477 0 0 -196.477 0
21.83 0 196.477 0 0 -196.477 0
21.84 0 196.477 0 0 -196.477 0
21.85 0 196.477 0 0 -196.477 0
21.86 0 196.477 0 0 -196.477 0
21.87 0 196.477 0 0 -196.477 0
21.88 0 196.477 0 0 -196.477 0
21.89 0 196.477 0 0 -196.477 0
21.9 0 196.477 0 0 -196.477 0
21.91 0 196.477 0 0 -196.477 0
21.92 0 196.477 0 0 -196.477 0
21.93 0 196.477 0 0 -196.477 0
21.94 0 196.477 0 0 -196.477 0
21.95 0 196.477 0 0 -196.477 0
21.96 0 196.477 0 0 -196.477 0
21.97 0 196.477 0 0 -196.477 0
21.98 0 196.477 0 0 -196.477 0
21.99 0 196.477 0 0 -196.477 0
22 0 196.477 0 0 -196.477 0
22.01 0 196.477 0 0 -196.477 0
22.02 0 196.477 0 0 -196.477 0
22.03 0 196.477 0 0 -196.477 0
22.04 0 196.477 0 0 -196.477 0
22.05 0 196.477 0 0 -196.477 0
22.06 0 196.477 0 0 -196.477 0
22.07 0 196.477 0 0 -196.477 0
22.08 0 196.477 0 0 -196.477 0
22.09 0 196.477 0 0 -196.477 0
22.1 0 196.477 0 0 -196.477 0
22.11 0 196.477 0 0 -196.477 0
22.12 0 196.477 0 0 -196.477 0
22.13 0 196.477 0 0 -196.477 0
22.14 0 196.477 0 0 -196.477 0
22.15 0 196.477 0 0 -196.477 0
22.16 0 196.477 0 0 -196.477 0
22.17 0 196.477 0 0 -196.477 0
22.18 0 196.477 0 0 -196.477 0
22.19 0 196.477 0 0 -196.477 0
22.2 0 196.477 0 0 -196.477 0
22.21 0 196.477 0 0 -196.477 0
22.22 0 196.477 0 0 -196.477 0
22.23 0 196.477 0 0 -196.477 0
22.24 0 196.477 0 0 -196.477 0
22.25 0 196.477 0 0 -196.477 0
22.26 0 196.477 0 0 -196.477 0
22.27 0 196.477 0 0 -196.477 0
22.28 0 196.477 0 0 -196.477 0
22.29 0 196.477 0 0 -196.477 0
22.3 0 196.477 0 0 -196.477 0
22.31 0 196.477 0 0 -196.477 0
22.32 0 196.477 0 0 -196.477 0
22.33 0 196.477 0 0 -196.477 0
22.34 0 196.477 0 0 -196.477 0
22.35 0 196.477 0 0 -196.477 0
22.36 0 196.477 0 0 -196.477 0
22.37 0 196.477 0 0 -196.477 0
22.38 0 196.735 0 0 -196.735 0
22.39 0 197.073 0 0 -197.073 0
22.4 0 197.412 0 0 -197.412 0
22.41 0 197.578 0 0 -197.578 0
22.42 0 197.578 0 0 -197.578 0
22.43 0 197.578 0 0 -197.578 0
22.44 0 197.578 0 0 -197.578 0
22.45 0 197.578 0 0 -197.578 0
22.46 0 197.578 0 0 -197.578 0
22.47 0 197.578 0 0 -197.578 0
22.48 0 197.578 0 0 -197.578 0
22.49 0 197.578 0 0 -197.578 0
22.5 0 197.578 0 0 -197.578 0
22.51 0 197.578 0 0 -197.578 0
22.52 0 197.578 0 0 -197.578 0
22.53 0 197.578 0 0 -197.578 0
22.54 0 197.578 0 0 -197.578 0
22.55 0 197.578 0 0 -197.578 0
22.56 0 197.578 0 0 -197.578 0
22.57 0 197.578 0 0 -197.578 0
22.58 0 197.578 0 0 -197.578 0
22.59 0 197.578 0 0 -197.578 0
22.6 0 197.578 0 0 -197.578 0
22.61 0 197.578 0 0 -197.578 0
22.62 0 197.578 0 0 -197.578 0
22.63 0 197.578 0 0 -197.578 0
22.64 0 197.578 0 0 -197.578 0
22.65 0 197.578 0 0 -197.578 0
22.66 0 197.578 0 0 -197.578 0
22.67 0 197.578 0 0 -197.578 0
22.68 0 197.578 0 0 -197.578 0
22.69 0 197.578 0 0 -197.578 0
22.7 0 197.578 0 0 -197.578 0
22.71 0 197.578 0 0 -197.578 0
22.72 0 197.578 0 0 -197.578 0
22.73 0 197.578 0 0 -197.578 0
22.74 0 197.578 0 0 -197.578 0
22.75 0 197.578 0 0 -197.578 0
22.76 0 197.578 0 0 -197.578 0
22.77 0 197.578 0 0 -197.578 0
22.78 0 197.578 0 0 -197.578 0
22.79 0 197.578 0 0 -197.578 0
22.8 0 197.578 0 0 -197.578 0
22.81 0 197.578 0 0 -197.578 0
22.82 0 197.578 0 0 -197.578 0
22.83 0 197.578 0 0 -197.578 0
22.84 0 197.578 0 0 -197.578 0
22.85 0 197.578 0 0 -197.578 0
22.86 0 197.578 0 0 -197.578 0
22.87 0 197.578 0 0 -197.578 0
22.88 0 197.578 0 0 -197.578 0
22.89 0 197.578 0 0 -197.578 0
22.9 0 197.578 0 0 -197.578 0
22.91 0 197.578 0 0 -197.578 0
22.92 0 197.578 0 0 -197.578 0
22.93 0 197.578 0 0 -197.578 0
22.94 0 197.578 0 0 -197.578 0
22.95 0 197.578 0 0 -197.578 0
22.96 0 197.578 0 0 -197.578 0
22.97 0 197.578 0 0 -197.578 0
22.98 0 197.578 0 0 -197.578 0
22.99 0 197.578 0 0 -197.578 0
23 0 197.578 0 0 -197.578 0
23.01 0 197.578 0 0 -197.578 0
23.02 0 197.578 0 0 -197.578 0
23.03 0 197.578 0 0 -197.578 0
23.04 0 197.578 0 0 -197.578 0
23.05 0 197.578 0 0 -197.578 0
23.06 0 197.578 0 0 -197.578 0
23.07 0 197.578 0 0 -197.578 0
23.08 0 197.578 0 0 -197.578 0
23.09 0 197.578 0 0 -197.578 0
23.1 0 197.578 0 0 -197.578 0
23.11 0 197.578 0 0 -197.578 0
23.12 0 197.578 0 0 -197.578 0
23.13 0 197.578 0 0 -197.578 0
23.14 0 197.578 0 0 -197.578 0
23.15 0 197.578 0 0 -197.578 0
23.16 0 197.578 0 0 -197.578 0
23.17 0 197.578 0 0 -197.578 0
23.18 0 197.578 0 0 -197.578 0
23.19 0 197.578 0 0 -197.578 0
23.2 0 197.578 0 0 -197.578 0
23.21 0 197.578 0 0 -197.578 0
23.22 0 197.578 0 0 -197.578 0
23.23 0 197.578 0 0 -197.578 0
23.24 0 197.578 0 0 -197.578 0
23.25 0 197.578 0 0 -197.578 0
23.26 0 197.578 0 0 -197.578 0
23.27 0 197.578 0 0 -197.578 0
23.28 0 197.578 0 0 -197.578 0
23.29 0 197.578 0 0 -197.578 0
23.3 0 197.578 0 0 -197.578 0
23.31 0 197.578 0 0 -197.578 0
23.32 0 197.578 0 0 -197.578 0
23.33 0 197.578 0 0 -197.578 0
23.34 0 197.578 0 0 -197.578 0
23.35 0 197.578 0 0 -197.578 0
23.36 0 197.578 0 0 -197.578 0
23.37 0 197.578 0 0 -197.578 0
23.38 0 197.578 0 0 -197.578 0
23.39 0 197.578 0 0 -197.578 0
23.4 0 197.578 0 0 -197.578 0
23.41 0 197.578 0 0 -197.578 0
23.42 0 197.578 0 0 -197.578 0
23.43 0 197.578 0 0 -197.578 0
23.44 0 197.578 0 0 -197.578 0
23.45 0 197.578 0 0 -197.578 0
23.46 0 197.578 0 0 -197.578 0
23.47 0 197.578 0 0 -197.578 0
23.48 0 197.578 0 0 -197.578 0
23.49 0 197.578 0 0 -197.578 0
23.5 0 197.578 0 0 -197.578 0
23.51 0 197.578 0 0 -197.578 0
23.52 0 197.578 0 0 -197.578 0
23.53 0 197.578 0 0 -197.578 0
23.54 0 197.578 0 0 -197.578 0
23.55 0 197.578 0 0 -197.578 0
23.56 0 197.578 0 0 -197.578 0
23.57 0 197.578 0 0 -197.578 0
23.58 0 197.578 0 0 -197.578 0
23.59 0 197.578 0 0 -197.578 0
23.6 0 197.578 0 0 -197.578 0
23.61 0 197.578 0 0 -197.578 0
23.62 0 197.578 0 0 -197.578 0
23.63 0 197.578 0 0 -197.578 0
23.64 0 197.578 0 0 -197.578 0
23.65 0 197.578 0 0 -197.578 0
23.66 0 197.578 0 0 -197.578 0
23.67 0 197.578 0 0 -197.578 0
23.68 0 197.578 0 0 -197.578 0
23.69 0 197.578 0 0 -197.578 0
23.7 0 197.578 0 0 -197.578 0
23.71 0 197.578 0 0 -197.578 0
23.72 0 197.942 0 0 -197.942 0
23.73 0 198.321 0 0 -198.321 0
23.74 0 198.699 0 0 -198.699 0
23.75 0 199.077 0 0 -199.077 0
23.76 0 199.455 0 0 -199.455 0
23.77 0 199.455 0 0 -199.455 0
23.78 0 199.455 0 0 -199.455 0
23.79 0 199.455 0 0 -199.455 0
23.8 0 199.455 0 0 -199.455 0
23.81 0 199.455 0 0 -199.455 0
23.82 0 199.455 0 0 -199.455 0
23.83 0 199.455 0 0 -199.455 0
23.84 0 199.455 0 0 -199.455 0
23.85 0 199.455 0 0 -199.455 0
23.86 0 199.455 0 0 -199.455 0
23.87 0 199.455 0 0 -199.455 0
23.88 0 199.455 0 0 -199.455 0
23.89 0 199.455 0 0 -199.455 0
23.9 0 199.455 0 0 -199.455 0
23.91 0 199.455 0 0 -199.455 0
23.92 0 199.455 0 0 -199.455 0
23.93 0 199.455 0 0 -199.455 0
23.94 0 199.455 0 0 -199.455 0
23.95 0 199.455 0 0 -199.455 0
23.96 0 199.455 0 0 -199.455 0
23.97 0 199.455 0 0 -199.455 0
23.98 0 199.455 0 0 -199.455 0
23.99 0 199.455 0 0 -199.455 0
24 0 199.455 0 0 -199.455 0
24.01 0 199.455 0 0 -199.455 0
24.02 0 199.455 0 0 -199.455 0
24.03 0 199.455 0 0 -199.455 0
24.04 0 199.455 0 0 -199.455 0
24.05 0 199.455 0 0 -199.455 0
24.06 0 199.455 0 0 -199.455 0
24.07 0 199.455 0 0 -199.455 0
24.08 0 199.455 0 0 -199.455 0
24.09 0 199.455 0 0 -199.455 0
24.1 0 199.455 0 0 -199.455 0
24.11 0 199.455 0 0 -199.455 0
24.12 0 199.455 0 0 -199.455 0
24.13 0 199.455 0 0 -199.455 0
24.14 0 199.455 0 0 -199.455 0
24.15 0 199.455 0 0 -199.455 0
24.16 0 199.455 0 0 -199.455 0
24.17 0 199.455 0 0 -199.455 0
24.18 0 199.455 0 0 -199.455 0
24.19 0 199.455 0 0 -199.455 0
24.2 0 199.455 0 0 -199.455 0
24.21 0 199.455 0 0 -199.455 0
24.22 0 199.455 0 0 -199.455 0
24.23 0 199.455 0 0 -199.455 0
24.24 0 199.455 0 0 -199.455 0
24.25 0 199.455 0 0 -199.455 0
24.26 0 199.455 0 0 -199.455 0
24.27 0 199.455 0 0 -199.455 0
24.28 0 199.455 0 0 -199.455 0
24.29 0 199.455 0 0 -199.455 0
24.3 0 199.455 0 0 -199.455 0
24.31 0 199.455 0 0 -199.455 0
24.32 0 199.455 0 0 -199.455 0
24.33 0 199.455 0 0 -199.455 0
24.34 0 199.455 0 0 -199.455 0
24.35 0 199.455 0 0 -199.455 0
24.36 0 199.455 0 0 -199.455 0
24.37 0 199.455 0 0 -199.455 0
24.38 0 199.455 0 0 -199.455 0
24.39 0 199.455 0 0 -199.455 0
24.4 0 199.455 0 0 -199.455 0
24.41 0 199.455 0 0 -199.455 0
24.42 0 199.455 0 0 -199.455 0
24.43 0 199.455 0 0 -199.455 0
24.44 0 199.455 0 0 -199.455 0
24.45 0 199.455 0 0 -199.455 0
24.46 0 199.455 0 0 -199.455 0
24.47 0 199.455 0 0 -199.455 0
24.48 0 199.455 0 0 -199.455 0
24.49 0 199.455 0 0 -199.455 0
24.5 0 199.455 0 0 -199.455 0
24.51 0 199.455 0 0 -199.455 0
24.52 0 199.455 0 0 -199.455 0
24.53 0 199.455 0 0 -199.455 0
24.54 0 199.455 0 0 -199.455 0
24.55 0 199.455 0 0 -199.455 0
24.56 0 199.455 0 0 -199.455 0
24.57 0 199.455 0 0 -199.455 0
24.58 0 199.455 0 0 -199.455 0
24.59 0 199.455 0 0 -199.455 0
24.6 0 199.455 0 0 -199.455 0
24.61 0 199.455 0 0 -199.455 0
24.62 0 199.455 0 0 -199.455 0
24.63 0 199.455 0 0 -199.455 0
24.64 0 199.455 0 0 -199.455 0
24.65 0 199.455 0 0 -199.455 0
24.66 0 199.455 0 0 -199.455 0
24.67 0 199.455 0 0 -199.455 0
24.68 0 199.455 0 0 -199.455 0
24.69 0 199.455 0 0 -199.455 0
24.7 0 199.455 0 0 -199.455 0
24.71 0 199.455 0 0 -199.455 0
24.72 0 199.455 0 0 -199.455 0
24.73 0 199.455 0 0 -199.455 0
24.74 0 199.455 0 0 -199.455 0
24.75 0 199.455 0 0 -199.455 0
24.76 0 199.455 0 0 -199.455 0
24.77 0 199.455 0 0 -199.455 0
24.78 0 199.455 0 0 -199.455 0
24.79 0 199.455 0 0 -199.455 0
24.8 0 199.455 0 0 -199.455 0
24.81 0 199.455 0 0 -199.455 0
24.82 0 199.455 0 0 -199.455 0
24.83 0 199.455 0 0 -199.455 0
24.84 0 199.455 0 0 -199.455 0
24.85 0 199.455 0 0 -199.455 0
24.86 0 199.455 0 0 -199.455 0
24.87 0 199.455 0 0 -199.455 0
24.88 0 199.455 0 0 -199.455 0
24.89 0 199.455 0 0 -199.455 0
24.9 0 199.455 0 0 -199.455 0
24.91 0 199.455 0 0 -199.455 0
24.92 0 199.455 0 0 -199.455 0
24.93 0 199.455 0 0 -199.455 0
24.94 0 199.455 0 0 -199.455 0
24.95 0 199.455 0 0 -199.455 0
24.96 0 199.455 0 0 -199.455 0
24.97 0 199.455 0 0 -199.455 0
24.98 0 199.455 0 0 -199.455 0
24.99 0 199.455 0 0 -199.455 0
25 0 199.455 0 0 -199.455 0
25.01 0 199.455 0 0 -199.455 0
25.02 0 199.455 0 0 -199.455 0
25.03 0 199.455 0 0 -199.455 0
25.04 0 199.455 0 0 -199.455 0
25.05 0 199.455 0 0 -199.455 0
25.06 0 199.455 0 0 -199.455 0
25.07 0 199.455 0 0 -199.455 0
25.08 0 199.455 0 0 -199.455 0
25.09 0 199.455 0 0 -199.455 0
25.1 0 199.455 0 0 -199.455 0
25.11 0 199.659 0 0 -199.659 0
25.12 0 199.95 0 0 -199.95 0
25.13 0 199.95 0 0 -199.95 0
25.14 0 199.95 0 0 -199.95 0
25.15 0 199.95 0 0 -199.95 0
25.16 0 199.95 0 0 -199.95 0
25.17 0 199.95 0 0 -199.95 0
25.18 0 199.95 0 0 -199.95 0
25.19 0 199.95 0 0 -199.95 0
25.2 0 199.95 0 0 -199.95 0
25.21 0 199.95 0 0 -199.95 0
25.22 0 199.95 0 0 -199.95 0
25.23 0 199.95 0 0 -199.95 0
25.24 0 199.95 0 0 -199.95 0
25.25 0 199.95 0 0 -199.95 0
25.26 0 199.95 0 0 -199.95 0
25.27 0 199.95 0 0 -199.95 0
25.28 0 199.95 0 0 -199.95 0
25.29 0 199.95 0 0 -199.95 0
25.3 0 199.95 0 0 -199.95 0
25.31 0 199.95 0 0 -199.95 0
25.32 0 199.95 0 0 -199.95 0
25.33 0 199.95 0 0 -199.95 0
25.34 0 199.95 0 0 -199.95 0
25.35 0 199.95 0 0 -199.95 0
25.36 0 199.95 0 0 -199.95 0
25.37 0 199.95 0 0 -199.95 0
25.38 0 199.95 0 0 -199.95 0
25.39 0 199.95 0 0 -199.95 0
25.4 0 199.95 0 0 -199.95 0
25.41 0 199.95 0 0 -199.95 0
25.42 0 199.95 0 0 -199.95 0
25.43 0 199.95 0 0 -199.95 0
25.44 0 199.95 0 0 -199.95 0
25.45 0 199.95 0 0 -199.95 0
25.46 0 199.95 0 0 -199.95 0
25.47 0 199.95 0 0 -199.95 0
25.48 0 199.95 0 0 -199.95 0
25.49 0 199.95 0 0 -199.95 0
25.5 0 199.95 0 0 -199.95 0
25.51 0 199.95 0 0 -199.95 0
25.52 0 199.95 0 0 -199.95 0
25.53 0 199.95 0 0 -199.95 0
25.54 0 199.95 0 0 -199.95 0
25.55 0 199.95 0 0 -199.95 0
25.56 0 199.95 0 0 -199.95 0
25.57 0 199.95 0 0 -199.95 0
25.58 0 199.95 0 0 -199.95 0
25.59 0 199.95 0 0 -199.95 0
25.6 0 199.95 0 0 -199.95 0
25.61 0 199.95 0 0 -199.95 0
25.62 0 199.95 0 0 -199.95 0
25.63 0 199.95 0 0 -199.95 0
25.64 0 199.95 0 0 -199.95 0
25.65 0 199.95 0 0 -199.95 0
25.66 0 199.95 0 0 -199.95 0
25.67 0 199.95 0 0 -199.95 0
25.68 0 199.95 0 0 -199.95 0
25.69 0 199.95 0 0 -199.95 0
25.7 0 199.95 0 0 -199.95 0
25.71 0 199.95 0 0 -199.95 0
25.72 0 199.95 0 0 -199.95 0
25.73 0 199.95 0 0 -199.95 0
25.74 0 199.95 0 0 -199.95 0
25.75 0 199.95 0 0 -199.95 0
25.76 0 199.95 0 0 -199.95 0
25.77 0 199.95 0 0 -199.95 0
25.78 0 199.95 0 0 -199.95 0
25.79 0 199.95 0 0 -199.95 0
25.8 0 199.95 0 0 -199.95 0
25.81 0 199.95 0 0 -199.95 0
25.82 0 199.95 0 0 -199.95 0
25.83 0 199.95 0 0 -199.95 0
25.84 0 199.95 0 0 -199.95 0
25.85 0 199.95 0 0 -199.95 0
25.86 0 199.95 0 0 -199.95 0
25.87 0 199.95 0 0 -199.95 0
25.88 0 199.95 0 0 -199.95 0
25.89 0 199.95 0 0 -199.95 0
25.9 0 199.95 0 0 -199.95 0
25.91 0 199.95 0 0 -199.95 0
25.92 0 199.95 0 0 -199.95 0
25.93 0 199.95 0 0 -199.95 0
25.94 0 199.95 0 0 -199.95 0
25.95 0 199.95 0 0 -199.95 0
25.96 0 199.95 0 0 -199.95 0
25.97 0 199.95 0 0 -199.95 0
25.98 0 199.95 0 0 -199.95 0
25.99 0 199.95 0 0 -199.95 0
26 0 199.95 0 0 -199.95 0
26.01 0 199.95 0 0 -199.95 0
26.02 0 199.95 0 0 -199.95 0
26.03 0 199.95 0 0 -199.95 0
26.04 0 199.95 0 0 -199.95 0
26.05 0 199.95 0 0 -199.95 0
26.06 0 199.95 0 0 -199.95 0
26.07 0 199.95 0 0 -199.95 0
26.08 0 199.95 0 0 -199.95 0
26.09 0 199.95 0 0 -199.95 0
26.1 0 199.95 0 0 -199.95 0
26.11 0 199.95 0 0 -199.95 0
26.12 0 199.95 0 0 -199.95 0
26.13 0 199.95 0 0 -199.95 0
26.14 0 199.95 0 0 -199.95 0
26.15 0 199.95 0 0 -199.95 0
26.16 0 199.95 0 0 -199.95 0
26.17 0 199.95 0 0 -199.95 0
26.18 0 199.95 0 0 -199.95 0
26.19 0 199.95 0 0 -199.95 0
26.2 0 199.95 0 0 -199.95 0
26.21 0 199.95 0 0 -199.95 0
26.22 0 199.95 0 0 -199.95 0
26.23 0 199.95 0 0 -199.95 0
26.24 0 199.95 0 0 -199.95 0
26.25 0 199.95 0 0 -199.95 0
26.26 0 199.95 0 0 -199.95 0
26.27 0 199.95 0 0 -199.95 0
26.28 0 199.95 0 0 -199.95 0
26.29 0 199.95 0 0 -199.95 0
26.3 0 199.95 0 0 -199.95 0
26.31 0 199.95 0 0 -199.95 0
26.32 0 199.95 0 0 -199.95 0
26.33 0 199.95 0 0 -199.95 0
26.34 0 199.95 0 0 -199.95 0
26.35 0 199.95 0 0 -199.95 0
26.36 0 199.95 0 0 -199.95 0
26.37 0 199.95 0 0 -199.95 0
26.38 0 199.95 0 0 -199.95 0
26.39 0 199.95 0 0 -199.95 0
26.4 0 199.95 0 0 -199.95 0
26.41 0 199.95 0 0 -199.95 0
26.42 0 199.95 0 0 -199.95 0
26.43 0 199.95 0 0 -199.95 0
26.44 0 199.95 0 0 -199.95 0
26.45 0 199.95 0 0 -199.95 0
26.46 0 199.95 0 0 -199.95 0
26.47 0 199.95 0 0 -199.95 0
26.48 0 199.95 0 0 -199.95 0
26.49 0 199.95 0 0 -199.95 0
26.5 0 199.95 0 0 -199.95 0
26.51 0 199.95 0 0 -199.95 0
26.52 0 199.95 0 0 -199.95 0
26.53 0 199.95 0 0 -199.95 0
26.54 0 199.95 0 0 -199.95 0
26.55 0 199.95 0 0 -199.95 0
26.56 0 199.95 0 0 -199.95 0
26.57 0 199.95 0 0 -199.95 0
26.58 0 199.95 0 0 -199.95 0
26.59 0 199.95 0 0 -199.95 0
26.6 0 199.95 0 0 -199.95 0
26.61 0 199.95 0 0 -199.95 0
26.62 0 199.95 0 0 -199.95 0
26.63 0 199.95 0 0 -199.95 0
26.64 0 199.95 0 0 -199.95 0
26.65 0 199.95 0 0 -199.95 0
26.66 0 199.95 0 0 -199.95 0
26.67 0 199.95 0 0 -199.95 0
26.68 0 199.95 0 0 -199.95 0
26.69 0 199.95 0 0 -199.95 0
26.7 0 199.95 0 0 -199.95 0
26.71 0 199.95 0 0 -199.95 0
26.72 0 199.95 0 0 -199.95 0
26.73 0 199.95 0 0 -199.95 0
26.74 0 199.95 0 0 -199.95 0
26.75 0 199.95 0 0 -199.95 0
26.76 0 199.95 0 0 -199.95 0
26.77 0 199.95 0 0 -199.95 0
26.78 0 199.95 0 0 -199.95 0
26.79 0 199.95 0 0 -199.95 0
26.8 0 199.95 0 0 -199.95 0
26.81 0 199.95 0 0 -199.95 0
26.82 0 199.95 0 0 -199.95 0
26.83 0 199.95 0 0 -199.95 0
26.84 0 199.95 0 0 -199.95 0
26.85 0 199.95 0 0 -199.95 0
26.86 0 199.95 0 0 -199.95 0
26.87 0 199.95 0 0 -199.95 0
26.88 0 199.95 0 0 -199.95 0
26.89 0 199.95 0 0 -199.95 0
26.9 0 199.95 0 0 -199.95 0
26.91 0 199.95 0 0 -199.95 0
26.92 0 199.95 0 0 -199.95 0
26.93 0 199.95 0 0 -199.95 0
26.94 0 199.95 0 0 -199.95 0
26.95 0 199.95 0 0 -199.95 0
26.96 0 199.95 0 0 -199.95 0
26.97 0 199.95 0 0 -199.95 0
26.98 0 199.95 0 0 -199.95 0
26.99 0 199.95 0 0 -199.95 0
27 0 199.95 0 0 -199.95 0
27.01 0 199.95 0 0 -199.95 0
27.02 0 199.95 0 0 -199.95 0
27.03 0 199.95 0 0 -199.95 0
27.04 0 199.95 0 0 -199.95 0
27.05 0 199.95 0 0 -199.95 0
27.06 0 199.95 0 0 -199.95 0
27.07 0 199.95 0 0 -199.95 0
27.08 0 199.95 0 0 -199.95 0
27.09 0 199.95 0 0 -199.95 0
27.1 0 199.95 0 0 -199.95 0
27.11 0 199.95 0 0 -199.95 0
27.12 0 199.95 0 0 -199.95 0
27.13 0 199.95 0 0 -199.95 0
27.14 0 199.95 0 0 -199.95 0
27.15 0 199.95 0 0 -199.95 0
27.16 0 199.95 0 0 -199.95 0
27.17 0 199.95 0 0 -199.95 0
27.18 0 199.95 0 0 -199.95 0
27.19 0 199.95 0 0 -199.95 0
27.2 0 199.95 0 0 -199.95 0
27.21 0 199.95 0 0 -199.95 0
27.22 0 199.95 0 0 -199.95 0
27.23 0 199.95 0 0 -199.95 0
27.24 0 199.95 0 0 -199.95 0
27.25 0 199.95 0 0 -199.95 0
27.26 0 199.95 0 0 -199.95 0
27.27 0 199.95 0 0 -199.95 0
27.28 0 199.95 0 0 -199.95 0
27.29 0 199.95 0 0 -199.95 0
27.3 0 199.95 0 0 -199.95 0
27.31 0 199.95 0 0 -199.95 0
27.32 0 199.95 0 0 -199.95 0
27.33 0 199.95 0 0 -199.95 0
27.34 0 199.95 0 0 -199.95 0
27.35 0 199.95 0 0 -199.95 0
27.36 0 199.95 0 0 -199.95 0
27.37 0 199.95 0 0 -199.95 0
27.38 0 199.95 0 0 -199.95 0
27.39 0 199.95 0 0 -199.95 0
27.4 0 199.95 0 0 -199.95 0
27.41 0 199.95 0 0 -199.95 0
27.42 0 199.95 0 0 -199.95 0
27.43 0 199.95 0 0 -199.95 0
27.44 0 199.95 0 0 -199.95 0
27.45 0 199.95 0 0 -199.95 0
27.46 0 199.95 0 0 -199.95 0
27.47 0 199.95 0 0 -199.95 0
27.48 0 199.95 0 0 -199.95 0
27.49 0 199.95 0 0 -199.95 0
27.5 0 199.95 0 0 -199.95 0
27.51 0 199.95 0 0 -199.95 0
27.52 0 199.95 0 0 -199.95 0
27.53 0 199.95 0 0 -199.95 0
27.54 0 199.95 0 0 -199.95 0
27.55 0 199.95 0 0 -199.95 0
27.56 0 199.95 0 0 -199.95 0
27.57 0 199.95 0 0 -199.95 0
27.58 0 199.95 0 0 -199.95 0
27.59 0 199.95 0 0 -199.95 0
27.6 0 199.95 0 0 -199.95 0
27.61 0 199.95 0 0 -199.95 0
27.62 0 199.95 0 0 -199.95 0
27.63 0 199.95 0 0 -199.95 0
27.64 0 199.95 0 0 -199.95 0
27.65 0 199.95 0 0 -199.95 0
27.66 0 199.95 0 0 -199.95 0
27.67 0 199.95 0 0 -199.95 0
27.68 0 199.95 0 0 -199.95 0
27.69 0 199.95 0 0 -199.95 0
27.7 0 199.95 0 0 -199.95 0
27.71 0 199.95 0 0 -199.95 0
27.72 0 199.95 0 0 -199.95 0
27.73 0 199.95 0 0 -199.95 0
27.74 0 199.95 0 0 -199.95 0
27.75 0 199.95 0 0 -199.95 0
27.76 0 199.95 0 0 -199.95 0
27.77 0 199.95 0 0 -199.95 0
27.78 0 199.95 0 0 -199.95 0
27.79 0 199.95 0 0 -199.95 0
27.8 0 199.95 0 0 -199.95 0
27.81 0 199.95 0 0 -199.95 0
27.82 0 199.95 0 0 -199.95 0
27.83 0 199.95 0 0 -199.95 0
27.84 0 199.95 0 0 -199.95 0
27.85 0 199.95 0 0 -199.95 0
27.86 0 199.95 0 0 -199.95 0
27.87 0 199.95 0 0 -199.95 0
27.88 0 199.95 0 0 -199.95 0
27.89 0 199.95 0 0 -199.95 0
27.9 0 199.95 0 0 -199.95 0
27.91 0 199.95 0 0 -199.95 0
27.92 0 199.95 0 0 -199.95 0
27.93 0 199.95 0 0 -199.95 0
27.94 0 199.95 0 0 -199.95 0
27.95 0 199.95 0 0 -199.95 0
27.96 0 199.95 0 0 -199.95 0
27.97 0 199.95 0 0 -199.95 0
27.98 0 199.95 0 0 -199.95 0
27.99 0 199.95 0 0 -199.95 0
28 0 199.95 0 0 -199.95 0
28.01 0 199.95 0 0 -199.95 0
28.02 0 199.95 0 0 -199.95 0
28.03 0 199.95 0 0 -199.95 0
28.04 0 199.95 0 0 -199.95 0
28.05 0 199.95 0 0 -199.95 0
28.06 0 199.95 0 0 -199.95 0
28.07 0 199.95 0 0 -199.95 0
28.08 0 199.95 0 0 -199.95 0
28.09 0 199.95 0 0 -199.95 0
28.1 0 199.95 0 0 -199.95 0
28.11 0 199.95 0 0 -199.95 0
28.12 0 199.95 0 0 -199.95 0
28.13 0 199.95 0 0 -199.95 0
28.14 0 199.95 0 0 -199.95 0
28.15 0 199.95 0 0 -199.95 0
28.16 0 199.95 0 0 -199.95 0
28.17 0 199.95 0 0 -199.95 0
28.18 0 199.95 0 0 -199.95 0
28.19 0 199.95 0 0 -199.95 0
28.2 0 199.95 0 0 -199.95 0
28.21 0 199.95 0 0 -199.95 0
28.22 0 199.95 0 0 -199.95 0
28.23 0 199.95 0 0 -199.95 0
28.24 0 199.95 0 0 -199.95 0
28.25 0 199.95 0 0 -199.95 0
28.26 0 199.95 0 0 -199.95 0
28.27 0 199.95 0 0 -199.95 0
28.28 0 199.95 0 0 -199.95 0
28.29 0 199.95 0 0 -199.95 0
28.3 0 199.95 0 0 -199.95 0
28.31 0 199.95 0 0 -199.95 0
28.32 0 199.95 0 0 -199.95 0
28.33 0 199.95 0 0 -199.95 0
28.34 0 199.95 0 0 -199.95 0
28.35 0 199.95 0 0 -199.95 0
28.36 0 199.95 0 0 -199.95 0
28.37 0 199.95 0 0 -199.95 0
28.38 0 199.95 0 0 -199.95 0
28.39 0 199.95 0 0 -199.95 0
28.4 0 199.95 0 0 -199.95 0
28.41 0 199.95 0 0 -199.95 0
28.42 0 199.95 0 0 -199.95 0
28.43 0 199.95 0 0 -199.95 0
28.44 0 199.95 0 0 -199.95 0
28.45 0 199.95 0 0 -199.95 0
28.46 0 199.95 0 0 -199.95 0
28.47 0 199.95 0 0 -199.95 0
28.48 0 199.95 0 0 -199.95 0
28.49 0 199.95 0 0 -199.95 0
28.5 0 199.95 0 0 -199.95 0
28.51 0 199.95 0 0 -199.95 0
28.52 0 199.95 0 0 -199.95 0
28.53 0 199.95 0 0 -199.95 0
28.54 0 199.95 0 0 -199.95 0
28.55 0 199.95 0 0 -199.95 0
28.56 0 199.95 0 0 -199.95 0
28.57 0 199.95 0 0 -199.95 0
28.58 0 199.95 0 0 -199.95 0
28.59 0 199.95 0 0 -199.95 0
28.6 0 199.95 0 0 -199.95 0
28.61 0 199.95 0 0 -199.95 0
28.62 0 199.95 0 0 -199.95 0
28.63 0 199.95 0 0 -199.95 0
28.64 0 199.95 0 0 -199.95 0
28.65 0 199.95 0 0 -199.95 0
28.66 0 199.95 0 0 -199.95 0
28.67 0 199.95 0 0 -199.95 0
28.68 0 199.95 0 0 -199.95 0
28.69 0 199.95 0 0 -199.95 0
28.7 0 199.95 0 0 -199.95 0
28.71 0 199.95 0 0 -199.95 0
28.72 0 199.95 0 0 -199.95 0
28.73 0 199.95 0 0 -199.95 0
28.74 0 199.95 0 0 -199.95 0
28.75 0 199.95 0 0 -199.95 0
28.76 0 199.95 0 0 -199.95 0
28.77 0 199.95 0 0 -199.95 0
28.78 0 199.95 0 0 -199.95 0
28.79 0 199.95 0 0 -199.95 0
28.8 0 199.95 0 0 -199.95 0
28.81 0 199.95 0 0 -199.95 0
28.82 0 199.95 0 0 -199.95 0
28.83 0 199.95 0 0 -199.95 0
28.84 0 199.95 0 0 -199.95 0
28.85 0 199.95 0 0 -199.95 0
28.86 0 199.95 0 0 -199.95 0
28.87 0 199.95 0 0 -199.95 0
28.88 0 199.95 0 0 -199.95 0
28.89 0 199.95 0 0 -199.95 0
28.9 0 199.95 0 0 -199.95 0
28.91 0 199.95 0 0 -199.95 0
28.92 0 199.95 0 0 -199.95 0
28.93 0 199.95 0 0 -199.95 0
28.94 0 199.95 0 0 -199.95 0
28.95 0 199.95 0 0 -199.95 0
28.96 0 199.95 0 0 -199.95 0
28.97 0 199.95 0 0 -199.95 0
28.98 0 199.95 0 0 -199.95 0
28.99 0 199.95 0 0 -199.95 0
29 0 199.95 0 0 -199.95 0
29.01 0 199.95 0 0 -199.95 0
29.02 0 199.95 0 0 -199.95 0
29.03 0 199.95 0 0 -199.95 0
29.04 0 199.95 0 0 -199.95 0
29.05 0 199.95 0 0 -199.95 0
29.06 0 199.95 0 0 -199.95 0
29.07 0 199.95 0 0 -199.95 0
29.08 0 199.95 0 0 -199.95 0
29.09 0 199.95 0 0 -199.95 0
29.1 0 199.95 0 0 -199.95 0
29.11 0 199.95 0 0 -199.95 0
29.12 0 199.95 0 0 -199.95 0
29.13 0 199.95 0 0 -199.95 0
29.14 0 199.95 0 0 -199.95 0
29.15 0 199.95 0 0 -199.95 0
29.16 0 199.95 0 0 -199.95 0
29.17 0 199.95 0 0 -199.95 0
29.18 0 199.95 0 0 -199.95 0
29.19 0 199.95 0 0 -199.95 0
29.2 0 199.95 0 0 -199.95 0
29.21 0 199.95 0 0 -199.95 0
29.22 0 199.95 0 0 -199.95 0
29.23 0 199.95 0 0 -199.95 0
29.24 0 199.95 0 0 -199.95 0
29.25 0 199.95 0 0 -199.95 0
29.26 0 199.95 0 0 -199.95 0
29.27 0 199.95 0 0 -199.95 0
29.28 0 199.95 0 0 -199.95 0
29.29 0 199.95 0 0 -199.95 0
29.3 0 199.95 0 0 -199.95 0
29.31 0 199.95 0 0 -199.95 0
29.32 0 199.95 0 0 -199.95 0
29.33 0 199.95 0 0 -199.95 0
29.34 0 199.95 0 0 -199.95 0
29.35 0 199.95 0 0 -199.95 0
29.36 0 199.95 0 0 -199.95 0
29.37 0 199.95 0 0 -199.95 0
29.38 0 199.95 0 0 -199.95 0
29.39 0 199.95 0 0 -199.95 0
29.4 0 199.95 0 0 -199.95 0
29.41 0 199.95 0 0 -199.95 0
29.42 0 199.95 0 0 -199.95 0
29.43 0 199.95 0 0 -199.95 0
29.44 0 199.95 0 0 -199.95 0
29.45 0 199.95 0 0 -199.95 0
29.46 0 199.95 0 0 -199.95 0
29.47 0 199.95 0 0 -199.95 0
29.48 0 199.95 0 0 -199.95 0
29.49 0 199.95 0 0 -199.95 0
29.5 0 199.95 0 0 -199.95 0
29.51 0 199.95 0 0 -199.95 0
29.52 0 199.95 0 0 -199.95 0
29.53 0 199.95 0 0 -199.95 0
29.54 0 199.95 0 0 -199.95 0
29.55 0 199.95 0 0 -199.95 0
29.56 0 199.95 0 0 -199.95 0
29.57 0 199.95 0 0 -199.95 0
29.58 0 199.95 0 0 -199.95 0
29.59 0 199.95 0 0 -199.95 0
29.6 0 199.95 0 0 -199.95 0
29.61 0 199.95 0 0 -199.95 0
29.62 0 199.95 0 0 -199.95 0
29.63 0 199.95 0 0 -199.95 0
29.64 0 199.95 0 0 -199.95 0
29.65 0 199.95 0 0 -199.95 0
29.66 0 199.95 0 0 -199.95 0
29.67 0 199.95 0 0 -199.95 0
29.68 0 199.95 0 0 -199.95 0
29.69 0 199.95 0 0 -199.95 0
29.7 0 199.95 0 0 -199.95 0
29.71 0 199.95 0 0 -199.95 0
29.72 0 199.95 0 0 -199.95 0
29.73 0 199.95 0 0 -199.95 0
29.74 0 199.95 0 0 -199.95 0
29.75 0 199.95 0 0 -199.95 0
29.76 0 199.95 0 0 -199.95 0
29.77 0 199.95 0 0 -199.95 0
29.78 0 199.95 0 0 -199.95 0
29.79 0 199.95 0 0 -199.95 0
29.8 0 199.95 0 0 -199.95 0
29.81 0 199.95 0 0 -199.95 0
29.82 0 199.95 0 0 -199.95 0
29.83 0 199.95 0 0 -199.95 0
29.84 0 199.95 0 0 -199.95 0
29.85 0 199.95 0 0 -199.95 0
29.86 0 199.95 0 0 -199.95 0
29.87 0 199.95 0 0 -199.95 0
29.88 0 199.95 0 0 -199.95 0
29.89 0 199.95 0 0 -199.95 0
29.9 0 199.95 0 0 -199.95 0
29.91 0 199.95 0 0 -199.95 0
29.92 0 199.95 0 0 -199.95 0
29.93 0 199.95 0 0 -199.95 0
29.94 0 199.95 0 0 -199.95 0
29.95 0 199.95 0 0 -199.95 0
29.96 0 199.95 0 0 -199.95 0
29.97 0 199.95 0 0 -199.95 0
29.98 0 199.95 0 0 -199.95 0
29.99 0 199.95 0 0 -199.95 0
30 0 199.95 0 0 -199.95 0
30.01 0 199.95 0 0 -199.95 0
30.02 0 199.95 0 0 -199.95 0
30.03 0 199.95 0 0 -199.95 0
30.04 0 199.95 0 0 -199.95 0
30.05 0 199.95 0 0 -199.95 0
30.06 0 199.95 0 0 -199.95 0
30.07 0 199.95 0 0 -199.95 0
30.08 0 199.95 0 0 -199.95 0
30.09 0 199.95 0 0 -199.95 0
30.1 0 199.95 0 0 -199.95 0
30.11 0 199.95 0 0 -199.95 0
30.12 0 199.95 0 0 -199.95 0
30.13 0 199.95 0 0 -199.95 0
30.14 0 199.95 0 0 -199.95 0
30.15 0 199.95 0 0 -199.95 0
30.16 0 199.95 0 0 -199.95 0
30.17 0 199.95 0 0 -199.95 0
30.18 0 199.95 0 0 -199.95 0
30.19 0 199.95 0 0 -199.95 0
30.2 0 199.95 0 0 -199.95 0
30.21 0 199.95 0 0 -199.95 0
30.22 0 199.95 0 0 -199.95 0
30.23 0 199.95 0 0 -199.95 0
30.24 0 199.95 0 0 -199.95 0
30.25 0 199.95 0 0 -199.95 0
30.26 0 199.95 0 0 -199.95 0
30.27 0 199.95 0 0 -199.95 0
30.28 0 199.95 0 0 -199.95 0
30.29 0 199.95 0 0 -199.95 0
30.3 0 199.95 0 0 -199.95 0
30.31 0 199.95 0 0 -199.95 0
30.32 0 199.95 0 0 -199.95 0
30.33 0 199.95 0 0 -199.95 0
30.34 0 199.95 0 0 -199.95 0
30.35 0 199.95 0 0 -199.95 0
30.36 0 199.95 0 0 -199.95 0
30.37 0 199.95 0 0 -199.95 0
30.38 0 199.95 0 0 -199.95 0
30.39 0 199.95 0 0 -199.95 0
30.4 0 199.95 0 0 -199.95 0
30.41 0 199.95 0 0 -199.95 0
30.42 0 199.95 0 0 -199.95 0
30.43 0 199.95 0 0 -199.95 0
30.44 0 199.95 0 0 -199.95 0
30.45 0 199.95 0 0 -199.95 0
30.46 0 199.95 0 0 -199.95 0
30.47 0 199.95 0 0 -199.95 0
30.48 0 199.95 0 0 -199.95 0
30.49 0 199.95 0 0 -199.95 0
30.5 0 199.95 0 0 -199.95 0
30.51 0 199.95 0 0 -199.95 0
30.52 0 199.95 0 0 -199.95 0
30.53 0 199.95 0 0 -199.95 0
30.54 0 199.95 0 0 -199.95 0
30.55 0 199.95 0 0 -199.95 0
30.56 0 199.95 0 0 -199.95 0
30.57 0 199.95 0 0 -199.95 0
30.58 0 199.95 0 0 -199.95 0
30.59 0 199.95 0 0 -199.95 0
30.6 0 199.95 0 0 -199.95 0
30.61 0 199.95 0 0 -199.95 0
30.62 0 199.95 0 0 -199.95 0
30.63 0 199.95 0 0 -199.95 0
30.64 0 199.95 0 0 -199.95 0
30.65 0 199.95 0 0 -199.95 0
30.66 0 199.95 0 0 -199.95 0
30.67 0 199.95 0 0 -199.95 0
30.68 0 199.95 0 0 -199.95 0
30.69 0 199.95 0 0 -199.95 0
30.7 0 199.95 0 0 -199.95 0
30.71 0 199.95 0 0 -199.95 0
30.72 0 199.95 0 0 -199.95 0
30.73 0 199.95 0 0 -199.95 0
30.74 0 199.95 0 0 -199.95 0
30.75 0 199.95 0 0 -199.95 0
30.76 0 199.95 0 0 -199.95 0
30.77 0 199.95 0 0 -199.95 0
30.78 0 199.95 0 0 -199.95 0
30.79 0 199.95 0 0 -199.95 0
30.8 0 199.95 0 0 -199.95 0
30.81 0 199.95 0 0 -199.95 0
30.82 0 199.95 0 0 -199.95 0
30.83 0 199.95 0 0 -199.95 0
30.84 0 199.95 0 0 -199.95 0
30.85 0 199.95 0 0 -199.95 0
30.86 0 199.95 0 0 -199.95 0
30.87 0 199.95 0 0 -199.95 0
30.88 0 199.95 0 0 -199.95 0
30.89 0 199.95 0 0 -199.95 0
30.9 0 199.95 0 0 -199.95 0
30.91 0 199.95 0 0 -199.95 0
30.92 0 199.95 0 0 -199.95 0
30.93 0 199.95 0 0 -199.95 0
30.94 0 199.95 0 0 -199.95 0
30.95 0 199.95 0 0 -199.95 0
30.96 0 199.95 0 0 -199.95 0
30.97 0 199.95 0 0 -199.95 0
30.98 0 199.95 0 0 -199.95 0
30.99 0 199.95 0 0 -199.95 0
