0.01 0 1.21164 0 0 -1.21164 0
0.02 0 2.41913 0 0 -2.41913 0
0.03 0 3.61059 0 0 -3.61059 0
0.04 0 4.78517 0 0 -4.78517 0
0.05 0 5.94223 0 0 -5.94223 0
0.06 0 7.08111 0 0 -7.08111 0
0.07 0 8.2012 0 0 -8.2012 0
0.08 0 9.30185 0 0 -9.30185 0
0.09 0 10.3825 0 0 -10.3825 0
0.1 0 11.4425 0 0 -11.4425 0
0.11 0 12.4813 0 0 -12.4813 0
0.12 0 13.4983 0 0 -13.4983 0
0.13 0 14.4932 0 0 -14.4932 0
0.14 0 15.4654 0 0 -15.4654 0
0.15 0 16.4145 0 0 -16.4145 0
0.16 0 17.3402 0 0 -17.3402 0
0.17 0 18.2423 0 0 -18.2423 0
0.18 0 19.1203 0 0 -19.1203 0
0.19 0 19.9743 0 0 -19.9743 0
0.2 0 20.804 0 0 -20.804 0
0.21 0 21.6095 0 0 -21.6095 0
0.22 0 22.3908 0 0 -22.3908 0
0.23 0 23.148 0 0 -23.148 0
0.24 0 23.8813 0 0 -23.8813 0
0.25 0 24.5908 0 0 -24.5908 0
0.26 0 25.2769 0 0 -25.2769 0
0.27 0 25.9399 0 0 -25.9399 0
0.28 0 26.5802 0 0 -26.5802 0
0.29 0 27.1982 0 0 -27.1982 0
0.3 0 27.7945 0 0 -27.7945 0
0.31 0 28.3695 0 0 -28.3695 0
0.32 0 28.9238 0 0 -28.9238 0
0.33 0 29.4579 0 0 -29.4579 0
0.34 0 29.9726 0 0 -29.9726 0
0.35 0 30.4682 0 0 -30.4682 0
0.36 0 30.9456 0 0 -30.9456 0
0.37 0 31.4052 0 0 -31.4052 0
0.38 0 31.8478 0 0 -31.8478 0
0.39 0 32.274 0 0 -32.274 0
0.4 0 32.6843 0 0 -32.6843 0
0.41 0 33.0793 0 0 -33.0793 0
0.42 0 33.4597 0 0 -33.4597 0
0.43 0 33.8261 0 0 -33.8261 0
0.44 0 34.179 0 0 -34.179 0
0.45 0 34.519 0 0 -34.519 0
0.46 0 34.8466 0 0 -34.8466 0
0.47 0 35.1624 0 0 -35.1624 0
0.48 0 35.4667 0 0 -35.4667 0
0.49 0 35.7603 0 0 -35.7603 0
0.5 0 36.0434 0 0 -36.0434 0
0.51 0 36.3165 0 0 -36.3165 0
0.52 0 36.5801 0 0 -36.5801 0
0.53 0 36.8346 0 0 -36.8346 0
0.54 0 37.0804 0 0 -37.0804 0
0.55 0 37.3179 0 0 -37.3179 0
0.56 0 37.5473 0 0 -37.5473 0
0.57 0 37.7692 0 0 -37.7692 0
0.58 0 37.9837 0 0 -37.9837 0
0.59 0 38.1912 0 0 -38.1912 0
0.6 0 38.392 0 0 -38.392 0
0.61 0 38.5864 0 0 -38.5864 0
0.62 0 38.7747 0 0 -38.7747 0
0.63 0 38.9571 0 0 -38.9571 0
0.64 0 39.1338 0 0 -39.1338 0
0.65 0 39.3052 0 0 -39.3052 0
0.66 0 39.4713 0 0 -39.4713 0
0.67 0 39.6325 0 0 -39.6325 0
0.68 0 39.7889 0 0 -39.7889 0
0.69 0 39.9408 0 0 -39.9408 0
0.7 0 40.0883 0 0 -40.0883 0
0.71 0 40.2315 0 0 -40.2315 0
0.72 0 40.3707 0 0 -40.3707 0
0.73 0 40.506 0 0 -40.506 0
0.74 0 40.6376 0 0 -40.6376 0
0.75 0 40.7655 0 0 -40.7655 0
0.76 0 40.8901 0 0 -40.8901 0
0.77 0 41.0112 0 0 -41.0112 0
0.78 0 41.1292 0 0 -41.1292 0
0.79 0 41.2441 0 0 -41.2441 0
0.8 0 41.3561 0 0 -41.3561 0
0.81 0 41.4651 0 0 -41.4651 0
0.82 0 41.5714 0 0 -41.5714 0
0.83 0 41.6751 0 0 -41.6751 0
0.84 0 41.7762 0 0 -41.7762 0
0.85 0 41.8748 0 0 -41.8748 0
0.86 0 41.971 0 0 -41.971 0
0.87 0 42.065 0 0 -42.065 0
0.88 0 42.1567 0 0 -42.1567 0
0.89 0 42.2462 0 0 -42.2462 0
0.9 0 42.3337 0 0 -42.3337 0
0.91 0 42.4191 0 0 -42.4191 0
0.92 0 42.5027 0 0 -42.5027 0
0.93 0 42.5843 0 0 -42.5843 0
0.94 0 42.6642 0 0 -42.6642 0
0.95 0 42.7422 0 0 -42.7422 0
0.96 0 42.8186 0 0 -42.8186 0
0.97 0 42.8933 0 0 -42.8933 0
0.98 0 42.9665 0 0 -42.9665 0
0.99 0 43.038 0 0 -43.038 0
1 0 43.1081 0 0 -43.1081 0
1.01 0 43.1082 0 0 -43.1082 0
1.02 0 43.0821 0 0 -43.0821 0
1.03 0 43.0561 0 0 -43.0561 0
1.04 0 43.03 0 0 -43.03 0
1.05 0 43.004 0 0 -43.004 0
1.06 0 42.9779 0 0 -42.9779 0
1.07 0 42.9519 0 0 -42.9519 0
1.08 0 42.9258 0 0 -42.9258 0
1.09 0 42.8997 0 0 -42.8997 0
1.1 0 42.8737 0 0 -42.8737 0
1.11 0 42.8476 0 0 -42.8476 0
1.12 0 42.8215 0 0 -42.8215 0
1.13 0 42.7955 0 0 -42.7955 0
1.14 0 42.7694 0 0 -42.7694 0
1.15 0 42.7433 0 0 -42.7433 0
1.16 0 42.7172 0 0 -42.7172 0
1.17 0 42.6911 0 0 -42.6911 0
1.18 0 42.665 0 0 -42.665 0
1.19 0 42.6389 0 0 -42.6389 0
1.2 0 42.6128 0 0 -42.6128 0
1.21 0 42.5867 0 0 -42.5867 0
1.22 0 42.5606 0 0 -42.5606 0
1.23 0 42.5345 0 0 -42.5345 0
1.24 0 42.5084 0 0 -42.5084 0
1.25 0 42.4823 0 0 -42.4823 0
1.26 0 42.4561 0 0 -42.4561 0
1.27 0 42.43 0 0 -42.43 0
1.28 0 42.4039 0 0 -42.4039 0
1.29 0 42.3778 0 0 -42.3778 0
1.3 0 42.3516 0 0 -42.3516 0
1.31 0 42.3255 0 0 -42.3255 0
1.32 0 42.2993 0 0 -42.2993 0
1.33 0 42.2732 0 0 -42.2732 0
1.34 0 42.247 0 0 -42.247 0
1.35 0 42.2209 0 0 -42.2209 0
1.36 0 42.1947 0 0 -42.1947 0
1.37 0 42.1686 0 0 -42.1686 0
1.38 0 42.1424 0 0 -42.1424 0
1.39 0 42.1162 0 0 -42.1162 0
1.4 0 42.0901 0 0 -42.0901 0
1.41 0 42.0639 0 0 -42.0639 0
1.42 0 42.0377 0 0 -42.0377 0
1.43 0 42.0115 0 0 -42.0115 0
1.44 0 41.9853 0 0 -41.9853 0
1.45 0 41.9592 0 0 -41.9592 0
1.46 0 41.933 0 0 -41.933 0
1.47 0 41.9068 0 0 -41.9068 0
1.48 0 41.8806 0 0 -41.8806 0
1.49 0 41.8544 0 0 -41.8544 0
1.5 0 41.8282 0 0 -41.8282 0
1.51 0 41.802 0 0 -41.802 0
1.52 0 41.7757 0 0 -41.7757 0
1.53 0 41.7495 0 0 -41.7495 0
1.54 0 41.7233 0 0 -41.7233 0
1.55 0 41.6971 0 0 -41.6971 0
1.56 0 41.6709 0 0 -41.6709 0
1.57 0 41.6446 0 0 -41.6446 0
1.58 0 41.6184 0 0 -41.6184 0
1.59 0 41.5922 0 0 -41.5922 0
1.6 0 41.5659 0 0 -41.5659 0
1.61 0 41.5397 0 0 -41.5397 0
1.62 0 41.5134 0 0 -41.5134 0
1.63 0 41.4872 0 0 -41.4872 0
1.64 0 41.4609 0 0 -41.4609 0
1.65 0 41.4347 0 0 -41.4347 0
1.66 0 41.4084 0 0 -41.4084 0
1.67 0 41.3821 0 0 -41.3821 0
1.68 0 41.3559 0 0 -41.3559 0
1.69 0 41.3296 0 0 -41.3296 0
1.7 0 41.3033 0 0 -41.3033 0
1.71 0 41.277 0 0 -41.277 0
1.72 0 41.2508 0 0 -41.2508 0
1.73 0 41.2245 0 0 -41.2245 0
1.74 0 41.1982 0 0 -41.1982 0
1.75 0 41.1719 0 0 -41.1719 0
1.76 0 41.1456 0 0 -41.1456 0
1.77 0 41.1193 0 0 -41.1193 0
1.78 0 41.093 0 0 -41.093 0
1.79 0 41.0667 0 0 -41.0667 0
1.8 0 41.0404 0 0 -41.0404 0
1.81 0 41.0141 0 0 -41.0141 0
1.82 0 40.9878 0 0 -40.9878 0
1.83 0 40.9614 0 0 -40.9614 0
1.84 0 40.9351 0 0 -40.9351 0
1.85 0 40.9088 0 0 -40.9088 0
1.86 0 40.8825 0 0 -40.8825 0
1.87 0 40.8561 0 0 -40.8561 0
1.88 0 40.8298 0 0 -40.8298 0
1.89 0 40.8035 0 0 -40.8035 0
1.9 0 40.7771 0 0 -40.7771 0
1.91 0 40.7522 0 0 -40.7522 0
1.92 0 40.7285 0 0 -40.7285 0
1.93 0 40.7048 0 0 -40.7048 0
1.94 0 40.681 0 0 -40.681 0
1.95 0 40.6573 0 0 -40.6573 0
1.96 0 40.6336 0 0 -40.6336 0
1.97 0 40.6099 0 0 -40.6099 0
1.98 0 40.5861 0 0 -40.5861 0
1.99 0 40.5624 0 0 -40.5624 0
2 0 40.5387 0 0 -40.5387 0
2.01 0 40.5149 0 0 -40.5149 0
2.02 0 40.4912 0 0 -40.4912 0
2.03 0 40.4674 0 0 -40.4674 0
2.04 0 40.4437 0 0 -40.4437 0
2.05 0 40.4199 0 0 -40.4199 0
2.06 0 40.3949 0 0 -40.3949 0
2.07 0 40.3685 0 0 -40.3685 0
2.08 0 40.3421 0 0 -40.3421 0
2.09 0 40.3157 0 0 -40.3157 0
2.1 0 40.2893 0 0 -40.2893 0
2.11 0 40.2629 0 0 -40.2629 0
2.12 0 40.2365 0 0 -40.2365 0
2.13 0 40.2101 0 0 -40.2101 0
2.14 0 40.1837 0 0 -40.1837 0
2.15 0 40.1572 0 0 -40.1572 0
2.16 0 40.1308 0 0 -40.1308 0
2.17 0 40.1044 0 0 -40.1044 0
2.18 0 40.0779 0 0 -40.0779 0
2.19 0 40.0515 0 0 -40.0515 0
2.2 0 40.0251 0 0 -40.0251 0
2.21 0 39.9986 0 0 -39.9986 0
2.22 0 39.9722 0 0 -39.9722 0
2.23 0 39.9457 0 0 -39.9457 0
2.24 0 39.9193 0 0 -39.9193 0
2.25 0 39.8928 0 0 -39.8928 0
2.26 0 39.8663 0 0 -39.8663 0
2.27 0 39.8399 0 0 -39.8399 0
2.28 0 39.8134 0 0 -39.8134 0
2.29 0 39.7869 0 0 -39.7869 0
2.3 0 39.7605 0 0 -39.7605 0
2.31 0 39.734 0 0 -39.734 0
2.32 0 39.7075 0 0 -39.7075 0
2.33 0 39.681 0 0 -39.681 0
2.34 0 39.6545 0 0 -39.6545 0
2.35 0 39.628 0 0 -39.628 0
2.36 0 39.6024 0 0 -39.6024 0
2.37 0 39.5785 0 0 -39.5785 0
2.38 0 39.5547 0 0 -39.5547 0
2.39 0 39.5308 0 0 -39.5308 0
2.4 0 39.507 0 0 -39.507 0
2.41 0 39.4831 0 0 -39.4831 0
2.42 0 39.4592 0 0 -39.4592 0
2.43 0 39.4354 0 0 -39.4354 0
2.44 0 39.4115 0 0 -39.4115 0
2.45 0 39.3876 0 0 -39.3876 0
2.46 0 39.3638 0 0 -39.3638 0
2.47 0 39.3399 0 0 -39.3399 0
2.48 0 39.316 0 0 -39.316 0
2.49 0 39.2921 0 0 -39.2921 0
2.5 0 39.2682 0 0 -39.2682 0
2.51 0 39.2437 0 0 -39.2437 0
2.52 0 39.2171 0 0 -39.2171 0
2.53 0 39.1906 0 0 -39.1906 0
2.54 0 39.164 0 0 -39.164 0
2.55 0 39.1375 0 0 -39.1375 0
2.56 0 39.1109 0 0 -39.1109 0
2.57 0 39.0844 0 0 -39.0844 0
2.58 0 39.0578 0 0 -39.0578 0
2.59 0 39.0312 0 0 -39.0312 0
2.6 0 39.0047 0 0 -39.0047 0
2.61 0 38.9781 0 0 -38.9781 0
2.62 0 38.9515 0 0 -38.9515 0
2.63 0 38.9249 0 0 -38.9249 0
2.64 0 38.8983 0 0 -38.8983 0
2.65 0 38.8717 0 0 -38.8717 0
2.66 0 38.8451 0 0 -38.8451 0
2.67 0 38.8185 0 0 -38.8185 0
2.68 0 38.7919 0 0 -38.7919 0
2.69 0 38.7653 0 0 -38.7653 0
2.7 0 38.7387 0 0 -38.7387 0
2.71 0 38.7121 0 0 -38.7121 0
2.72 0 38.6855 0 0 -38.6855 0
2.73 0 38.6589 0 0 -38.6589 0
2.74 0 38.6323 0 0 -38.6323 0
2.75 0 38.6056 0 0 -38.6056 0
2.76 0 38.579 0 0 -38.579 0
2.77 0 38.5524 0 0 -38.5524 0
2.78 0 38.5257 0 0 -38.5257 0
2.79 0 38.4991 0 0 -38.4991 0
2.8 0 38.4725 0 0 -38.4725 0
2.81 0 38.4461 0 0 -38.4461 0
2.82 0 38.4221 0 0 -38.4221 0
2.83 0 38.3981 0 0 -38.3981 0
2.84 0 38.3741 0 0 -38.3741 0
2.85 0 38.3501 0 0 -38.3501 0
2.86 0 38.3261 0 0 -38.3261 0
2.87 0 38.3021 0 0 -38.3021 0
2.88 0 38.2781 0 0 -38.2781 0
2.89 0 38.2541 0 0 -38.2541 0
2.9 0 38.2301 0 0 -38.2301 0
2.91 0 38.2061 0 0 -38.2061 0
2.92 0 38.1821 0 0 -38.1821 0
2.93 0 38.1581 0 0 -38.1581 0
2.94 0 38.1341 0 0 -38.1341 0
2.95 0 38.11 0 0 -38.11 0
2.96 0 38.086 0 0 -38.086 0
2.97 0 38.062 0 0 -38.062 0
2.98 0 38.038 0 0 -38.038 0
2.99 0 38.0139 0 0 -38.0139 0
3 0 37.9899 0 0 -37.9899 0
3.01 0 37.9659 0 0 -37.9659 0
3.02 0 37.9418 0 0 -37.9418 0
3.03 0 37.9178 0 0 -37.9178 0
3.04 0 37.8937 0 0 -37.8937 0
3.05 0 37.8697 0 0 -37.8697 0
3.06 0 37.8456 0 0 -37.8456 0
3.07 0 37.8216 0 0 -37.8216 0
3.08 0 37.7975 0 0 -37.7975 0
3.09 0 37.7735 0 0 -37.7735 0
3.1 0 37.7494 0 0 -37.7494 0
3.11 0 37.7254 0 0 -37.7254 0
3.12 0 37.6988 0 0 -37.6988 0
3.13 0 37.672 0 0 -37.672 0
3.14 0 37.6453 0 0 -37.6453 0
3.15 0 37.6185 0 0 -37.6185 0
3.16 0 37.5918 0 0 -37.5918 0
3.17 0 37.565 0 0 -37.565 0
3.18 0 37.5382 0 0 -37.5382 0
3.19 0 37.5115 0 0 -37.5115 0
3.2 0 37.4847 0 0 -37.4847 0
3.21 0 37.4579 0 0 -37.4579 0
3.22 0 37.4312 0 0 -37.4312 0
3.23 0 37.4044 0 0 -37.4044 0
3.24 0 37.3776 0 0 -37.3776 0
3.25 0 37.3508 0 0 -37.3508 0
3.26 0 37.324 0 0 -37.324 0
3.27 0 37.2996 0 0 -37.2996 0
3.28 0 37.2755 0 0 -37.2755 0
3.29 0 37.2513 0 0 -37.2513 0
3.3 0 37.2272 0 0 -37.2272 0
3.31 0 37.2031 0 0 -37.2031 0
3.32 0 37.179 0 0 -37.179 0
3.33 0 37.1548 0 0 -37.1548 0
3.34 0 37.1307 0 0 -37.1307 0
3.35 0 37.1066 0 0 -37.1066 0
3.36 0 37.0824 0 0 -37.0824 0
3.37 0 37.0583 0 0 -37.0583 0
3.38 0 37.0341 0 0 -37.0341 0
3.39 0 37.01 0 0 -37.01 0
3.4 0 36.9859 0 0 -36.9859 0
3.41 0 36.9617 0 0 -36.9617 0
3.42 0 36.9375 0 0 -36.9375 0
3.43 0 36.9134 0 0 -36.9134 0
3.44 0 36.8892 0 0 -36.8892 0
3.45 0 36.8651 0 0 -36.8651 0
3.46 0 36.8409 0 0 -36.8409 0
3.47 0 36.8167 0 0 -36.8167 0
3.48 0 36.7926 0 0 -36.7926 0
3.49 0 36.7684 0 0 -36.7684 0
3.5 0 36.7442 0 0 -36.7442 0
3.51 0 36.72 0 0 -36.72 0
3.52 0 36.6959 0 0 -36.6959 0
3.53 0 36.6717 0 0 -36.6717 0
3.54 0 36.6475 0 0 -36.6475 0
3.55 0 36.6233 0 0 -36.6233 0
3.56 0 36.5991 0 0 -36.5991 0
3.57 0 36.573 0 0 -36.573 0
3.58 0 36.5461 0 0 -36.5461 0
3.59 0 36.5192 0 0 -36.5192 0
3.6 0 36.4923 0 0 -36.4923 0
3.61 0 36.4654 0 0 -36.4654 0
3.62 0 36.4385 0 0 -36.4385 0
3.63 0 36.4116 0 0 -36.4116 0
3.64 0 36.3847 0 0 -36.3847 0
3.65 0 36.3578 0 0 -36.3578 0
3.66 0 36.3309 0 0 -36.3309 0
3.67 0 36.304 0 0 -36.304 0
3.68 0 36.277 0 0 -36.277 0
3.69 0 36.2501 0 0 -36.2501 0
3.7 0 36.2232 0 0 -36.2232 0
3.71 0 36.1963 0 0 -36.1963 0
3.72 0 36.171 0 0 -36.171 0
3.73 0 36.1468 0 0 -36.1468 0
3.74 0 36.1226 0 0 -36.1226 0
3.75 0 36.0983 0 0 -36.0983 0
3.76 0 36.0741 0 0 -36.0741 0
3.77 0 36.0498 0 0 -36.0498 0
3.78 0 36.0255 0 0 -36.0255 0
3.79 0 36.0013 0 0 -36.0013 0
3.8 0 35.977 0 0 -35.977 0
3.81 0 35.9528 0 0 -35.9528 0
3.82 0 35.9285 0 0 -35.9285 0
3.83 0 35.9042 0 0 -35.9042 0
3.84 0 35.8799 0 0 -35.8799 0
3.85 0 35.8557 0 0 -35.8557 0
3.86 0 35.8314 0 0 -35.8314 0
3.87 0 35.8071 0 0 -35.8071 0
3.88 0 35.7828 0 0 -35.7828 0
3.89 0 35.7585 0 0 -35.7585 0
3.9 0 35.7342 0 0 -35.7342 0
3.91 0 35.7099 0 0 -35.7099 0
3.92 0 35.6857 0 0 -35.6857 0
3.93 0 35.6614 0 0 -35.6614 0
3.94 0 35.6371 0 0 -35.6371 0
3.95 0 35.6127 0 0 -35.6127 0
3.96 0 35.5884 0 0 -35.5884 0
3.97 0 35.5641 0 0 -35.5641 0
3.98 0 35.5398 0 0 -35.5398 0
3.99 0 35.5155 0 0 -35.5155 0
4 0 35.4912 0 0 -35.4912 0
4.01 0 35.4669 0 0 -35.4669 0
4.02 0 35.4425 0 0 -35.4425 0
4.03 0 35.4182 0 0 -35.4182 0
4.04 0 35.3939 0 0 -35.3939 0
4.05 0 35.3696 0 0 -35.3696 0
4.06 0 35.3452 0 0 -35.3452 0
4.07 0 35.3209 0 0 -35.3209 0
4.08 0 35.2965 0 0 -35.2965 0
4.09 0 35.2722 0 0 -35.2722 0
4.1 0 35.2479 0 0 -35.2479 0
4.11 0 35.2235 0 0 -35.2235 0
4.12 0 35.1992 0 0 -35.1992 0
4.13 0 35.1748 0 0 -35.1748 0
4.14 0 35.1504 0 0 -35.1504 0
4.15 0 35.1261 0 0 -35.1261 0
4.16 0 35.1017 0 0 -35.1017 0
4.17 0 35.0774 0 0 -35.0774 0
4.18 0 35.053 0 0 -35.053 0
4.19 0 35.0286 0 0 -35.0286 0
4.2 0 35.0043 0 0 -35.0043 0
4.21 0 34.9799 0 0 -34.9799 0
4.22 0 34.9555 0 0 -34.9555 0
4.23 0 34.9311 0 0 -34.9311 0
4.24 0 34.9067 0 0 -34.9067 0
4.25 0 34.8823 0 0 -34.8823 0
4.26 0 34.858 0 0 -34.858 0
4.27 0 34.8336 0 0 -34.8336 0
4.28 0 34.8092 0 0 -34.8092 0
4.29 0 34.7848 0 0 -34.7848 0
4.3 0 34.7604 0 0 -34.7604 0
4.31 0 34.736 0 0 -34.736 0
4.32 0 34.7116 0 0 -34.7116 0
4.33 0 34.6872 0 0 -34.6872 0
4.34 0 34.6627 0 0 -34.6627 0
4.35 0 34.6383 0 0 -34.6383 0
4.36 0 34.6139 0 0 -34.6139 0
4.37 0 34.5895 0 0 -34.5895 0
4.38 0 34.5651 0 0 -34.5651 0
4.39 0 34.5407 0 0 -34.5407 0
4.4 0 34.5162 0 0 -34.5162 0
4.41 0 34.4918 0 0 -34.4918 0
4.42 0 34.4674 0 0 -34.4674 0
4.43 0 34.4429 0 0 -34.4429 0
4.44 0 34.4185 0 0 -34.4185 0
4.45 0 34.394 0 0 -34.394 0
4.46 0 34.3696 0 0 -34.3696 0
4.47 0 34.3452 0 0 -34.3452 0
4.48 0 34.3207 0 0 -34.3207 0
4.49 0 34.2963 0 0 -34.2963 0
4.5 0 34.2718 0 0 -34.2718 0
4.51 0 34.2473 0 0 -34.2473 0
4.52 0 34.2229 0 0 -34.2229 0
4.53 0 34.1984 0 0 -34.1984 0
4.54 0 34.174 0 0 -34.174 0
4.55 0 34.1495 0 0 -34.1495 0
4.56 0 34.125 0 0 -34.125 0
4.57 0 34.1005 0 0 -34.1005 0
4.58 0 34.0761 0 0 -34.0761 0
4.59 0 34.0516 0 0 -34.0516 0
4.6 0 34.0271 0 0 -34.0271 0
4.61 0 34.0026 0 0 -34.0026 0
4.62 0 33.9781 0 0 -33.9781 0
4.63 0 33.9536 0 0 -33.9536 0
4.64 0 33.9292 0 0 -33.9292 0
4.65 0 33.9047 0 0 -33.9047 0
4.66 0 33.8802 0 0 -33.8802 0
4.67 0 33.8557 0 0 -33.8557 0
4.68 0 33.8312 0 0 -33.8312 0
4.69 0 33.8066 0 0 -33.8066 0
4.7 0 33.7821 0 0 -33.7821 0
4.71 0 33.7576 0 0 -33.7576 0
4.72 0 33.7331 0 0 -33.7331 0
4.73 0 33.7086 0 0 -33.7086 0
4.74 0 33.6841 0 0 -33.6841 0
4.75 0 33.6596 0 0 -33.6596 0
4.76 0 33.635 0 0 -33.635 0
4.77 0 33.6108 0 0 -33.6108 0
4.78 0 33.589 0 0 -33.589 0
4.79 0 33.5672 0 0 -33.5672 0
4.8 0 33.5454 0 0 -33.5454 0
4.81 0 33.5236 0 0 -33.5236 0
4.82 0 33.5018 0 0 -33.5018 0
4.83 0 33.4799 0 0 -33.4799 0
4.84 0 33.4581 0 0 -33.4581 0
4.85 0 33.4363 0 0 -33.4363 0
4.86 0 33.4145 0 0 -33.4145 0
4.87 0 33.3927 0 0 -33.3927 0
4.88 0 33.3708 0 0 -33.3708 0
4.89 0 33.349 0 0 -33.349 0
4.9 0 33.3272 0 0 -33.3272 0
4.91 0 33.3053 0 0 -33.3053 0
4.92 0 33.2834 0 0 -33.2834 0
4.93 0 33.2588 0 0 -33.2588 0
4.94 0 33.2343 0 0 -33.2343 0
4.95 0 33.2097 0 0 -33.2097 0
4.96 0 33.1851 0 0 -33.1851 0
4.97 0 33.1605 0 0 -33.1605 0
4.98 0 33.136 0 0 -33.136 0
4.99 0 33.1114 0 0 -33.1114 0
5 0 33.0868 0 0 -33.0868 0
5.01 0 33.0622 0 0 -33.0622 0
5.02 0 33.0376 0 0 -33.0376 0
5.03 0 33.013 0 0 -33.013 0
5.04 0 32.9884 0 0 -32.9884 0
5.05 0 32.9638 0 0 -32.9638 0
5.06 0 32.9392 0 0 -32.9392 0
5.07 0 32.9146 0 0 -32.9146 0
5.08 0 32.89 0 0 -32.89 0
5.09 0 32.8654 0 0 -32.8654 0
5.1 0 32.8408 0 0 -32.8408 0
5.11 0 32.8162 0 0 -32.8162 0
5.12 0 32.7915 0 0 -32.7915 0
5.13 0 32.7669 0 0 -32.7669 0
5.14 0 32.7423 0 0 -32.7423 0
5.15 0 32.7177 0 0 -32.7177 0
5.16 0 32.693 0 0 -32.693 0
5.17 0 32.6684 0 0 -32.6684 0
5.18 0 32.6438 0 0 -32.6438 0
5.19 0 32.6191 0 0 -32.6191 0
5.2 0 32.5945 0 0 -32.5945 0
5.21 0 32.5698 0 0 -32.5698 0
5.22 0 32.5452 0 0 -32.5452 0
5.23 0 32.523 0 0 -32.523 0
5.24 0 32.5011 0 0 -32.5011 0
5.25 0 32.4792 0 0 -32.4792 0
5.26 0 32.4572 0 0 -32.4572 0
5.27 0 32.4353 0 0 -32.4353 0
5.28 0 32.4134 0 0 -32.4134 0
5.29 0 32.3915 0 0 -32.3915 0
5.3 0 32.3696 0 0 -32.3696 0
5.31 0 32.3476 0 0 -32.3476 0
5.32 0 32.3257 0 0 -32.3257 0
5.33 0 32.3038 0 0 -32.3038 0
5.34 0 32.2818 0 0 -32.2818 0
5.35 0 32.2599 0 0 -32.2599 0
5.36 0 32.238 0 0 -32.238 0
5.37 0 32.216 0 0 -32.216 0
5.38 0 32.1918 0 0 -32.1918 0
5.39 0 32.1672 0 0 -32.1672 0
5.4 0 32.1425 0 0 -32.1425 0
5.41 0 32.1178 0 0 -32.1178 0
5.42 0 32.0931 0 0 -32.0931 0
5.43 0 32.0684 0 0 -32.0684 0
5.44 0 32.0437 0 0 -32.0437 0
5.45 0 32.019 0 0 -32.019 0
5.46 0 31.9943 0 0 -31.9943 0
5.47 0 31.9696 0 0 -31.9696 0
5.48 0 31.9448 0 0 -31.9448 0
5.49 0 31.9201 0 0 -31.9201 0
5.5 0 31.8954 0 0 -31.8954 0
5.51 0 31.8707 0 0 -31.8707 0
5.52 0 31.846 0 0 -31.846 0
5.53 0 31.8212 0 0 -31.8212 0
5.54 0 31.7965 0 0 -31.7965 0
5.55 0 31.7718 0 0 -31.7718 0
5.56 0 31.747 0 0 -31.747 0
5.57 0 31.7223 0 0 -31.7223 0
5.58 0 31.6976 0 0 -31.6976 0
5.59 0 31.6728 0 0 -31.6728 0
5.6 0 31.6481 0 0 -31.6481 0
5.61 0 31.6233 0 0 -31.6233 0
5.62 0 31.5986 0 0 -31.5986 0
5.63 0 31.5738 0 0 -31.5738 0
5.64 0 31.5491 0 0 -31.5491 0
5.65 0 31.5243 0 0 -31.5243 0
5.66 0 31.4996 0 0 -31.4996 0
5.67 0 31.4748 0 0 -31.4748 0
5.68 0 31.4518 0 0 -31.4518 0
5.69 0 31.4298 0 0 -31.4298 0
5.7 0 31.4078 0 0 -31.4078 0
5.71 0 31.3858 0 0 -31.3858 0
5.72 0 31.3638 0 0 -31.3638 0
5.73 0 31.3417 0 0 -31.3417 0
5.74 0 31.3197 0 0 -31.3197 0
5.75 0 31.2977 0 0 -31.2977 0
5.76 0 31.2757 0 0 -31.2757 0
5.77 0 31.2536 0 0 -31.2536 0
5.78 0 31.2316 0 0 -31.2316 0
5.79 0 31.2095 0 0 -31.2095 0
5.8 0 31.1875 0 0 -31.1875 0
5.81 0 31.1655 0 0 -31.1655 0
5.82 0 31.1434 0 0 -31.1434 0
5.83 0 31.1197 0 0 -31.1197 0
5.84 0 31.0949 0 0 -31.0949 0
5.85 0 31.0701 0 0 -31.0701 0
5.86 0 31.0453 0 0 -31.0453 0
5.87 0 31.0205 0 0 -31.0205 0
5.88 0 30.9957 0 0 -30.9957 0
5.89 0 30.9709 0 0 -30.9709 0
5.9 0 30.9461 0 0 -30.9461 0
5.91 0 30.9212 0 0 -30.9212 0
5.92 0 30.8964 0 0 -30.8964 0
5.93 0 30.8716 0 0 -30.8716 0
5.94 0 30.8467 0 0 -30.8467 0
5.95 0 30.8219 0 0 -30.8219 0
5.96 0 30.7971 0 0 -30.7971 0
5.97 0 30.7722 0 0 -30.7722 0
5.98 0 30.7488 0 0 -30.7488 0
5.99 0 30.7267 0 0 -30.7267 0
6 0 30.7046 0 0 -30.7046 0
6.01 0 30.6825 0 0 -30.6825 0
6.02 0 30.6604 0 0 -30.6604 0
6.03 0 30.6383 0 0 -30.6383 0
6.04 0 30.6163 0 0 -30.6163 0
6.05 0 30.5942 0 0 -30.5942 0
6.06 0 30.5721 0 0 -30.5721 0
6.07 0 30.55 0 0 -30.55 0
6.08 0 30.5278 0 0 -30.5278 0
6.09 0 30.5057 0 0 -30.5057 0
6.1 0 30.4836 0 0 -30.4836 0
6.11 0 30.4615 0 0 -30.4615 0
6.12 0 30.4394 0 0 -30.4394 0
6.13 0 30.4173 0 0 -30.4173 0
6.14 0 30.3952 0 0 -30.3952 0
6.15 0 30.3731 0 0 -30.3731 0
6.16 0 30.3509 0 0 -30.3509 0
6.17 0 30.3288 0 0 -30.3288 0
6.18 0 30.3067 0 0 -30.3067 0
6.19 0 30.2846 0 0 -30.2846 0
6.2 0 30.2624 0 0 -30.2624 0
6.21 0 30.2403 0 0 -30.2403 0
6.22 0 30.2182 0 0 -30.2182 0
6.23 0 30.196 0 0 -30.196 0
6.24 0 30.1739 0 0 -30.1739 0
6.25 0 30.1517 0 0 -30.1517 0
6.26 0 30.1296 0 0 -30.1296 0
6.27 0 30.1076 0 0 -30.1076 0
6.28 0 30.0847 0 0 -30.0847 0
6.29 0 30.0601 0 0 -30.0601 0
6.3 0 30.0354 0 0 -30.0354 0
6.31 0 30.0108 0 0 -30.0108 0
6.32 0 29.9862 0 0 -29.9862 0
6.33 0 29.9615 0 0 -29.9615 0
6.34 0 29.9369 0 0 -29.9369 0
6.35 0 29.9123 0 0 -29.9123 0
6.36 0 29.8876 0 0 -29.8876 0
6.37 0 29.863 0 0 -29.863 0
6.38 0 29.8383 0 0 -29.8383 0
6.39 0 29.8136 0 0 -29.8136 0
6.4 0 29.789 0 0 -29.789 0
6.41 0 29.7643 0 0 -29.7643 0
6.42 0 29.7396 0 0 -29.7396 0
6.43 0 29.7158 0 0 -29.7158 0
6.44 0 29.6938 0 0 -29.6938 0
6.45 0 29.6719 0 0 -29.6719 0
6.46 0 29.65 0 0 -29.65 0
6.47 0 29.628 0 0 -29.628 0
6.48 0 29.6061 0 0 -29.6061 0
6.49 0 29.5841 0 0 -29.5841 0
6.5 0 29.5622 0 0 -29.5622 0
6.51 0 29.5402 0 0 -29.5402 0
6.52 0 29.5183 0 0 -29.5183 0
6.53 0 29.4963 0 0 -29.4963 0
6.54 0 29.4743 0 0 -29.4743 0
6.55 0 29.4524 0 0 -29.4524 0
6.56 0 29.4304 0 0 -29.4304 0
6.57 0 29.4084 0 0 -29.4084 0
6.58 0 29.3865 0 0 -29.3865 0
6.59 0 29.3645 0 0 -29.3645 0
6.6 0 29.3425 0 0 -29.3425 0
6.61 0 29.3205 0 0 -29.3205 0
6.62 0 29.2986 0 0 -29.2986 0
6.63 0 29.2766 0 0 -29.2766 0
6.64 0 29.2546 0 0 -29.2546 0
6.65 0 29.2326 0 0 -29.2326 0
6.66 0 29.2106 0 0 -29.2106 0
6.67 0 29.1886 0 0 -29.1886 0
6.68 0 29.1666 0 0 -29.1666 0
6.69 0 29.1446 0 0 -29.1446 0
6.7 0 29.1226 0 0 -29.1226 0
6.71 0 29.1006 0 0 -29.1006 0
6.72 0 29.0786 0 0 -29.0786 0
6.73 0 29.0566 0 0 -29.0566 0
6.74 0 29.0346 0 0 -29.0346 0
6.75 0 29.0126 0 0 -29.0126 0
6.76 0 28.9905 0 0 -28.9905 0
6.77 0 28.9685 0 0 -28.9685 0
6.78 0 28.9465 0 0 -28.9465 0
6.79 0 28.9245 0 0 -28.9245 0
6.8 0 28.9024 0 0 -28.9024 0
6.81 0 28.8804 0 0 -28.8804 0
6.82 0 28.8584 0 0 -28.8584 0
6.83 0 28.8363 0 0 -28.8363 0
6.84 0 28.8143 0 0 -28.8143 0
6.85 0 28.7922 0 0 -28.7922 0
6.86 0 28.7702 0 0 -28.7702 0
6.87 0 28.7481 0 0 -28.7481 0
6.88 0 28.7261 0 0 -28.7261 0
6.89 0 28.704 0 0 -28.704 0
6.9 0 28.682 0 0 -28.682 0
6.91 0 28.6599 0 0 -28.6599 0
6.92 0 28.6379 0 0 -28.6379 0
6.93 0 28.6158 0 0 -28.6158 0
6.94 0 28.5937 0 0 -28.5937 0
6.95 0 28.5717 0 0 -28.5717 0
6.96 0 28.5496 0 0 -28.5496 0
6.97 0 28.5275 0 0 -28.5275 0
6.98 0 28.5054 0 0 -28.5054 0
6.99 0 28.4833 0 0 -28.4833 0
7 0 28.4613 0 0 -28.4613 0
7.01 0 28.4392 0 0 -28.4392 0
7.02 0 28.4171 0 0 -28.4171 0
7.03 0 28.395 0 0 -28.395 0
7.04 0 28.3729 0 0 -28.3729 0
7.05 0 28.3508 0 0 -28.3508 0
7.06 0 28.3287 0 0 -28.3287 0
7.07 0 28.3066 0 0 -28.3066 0
7.08 0 28.2845 0 0 -28.2845 0
7.09 0 28.2624 0 0 -28.2624 0
7.1 0 28.2403 0 0 -28.2403 0
7.11 0 28.2182 0 0 -28.2182 0
7.12 0 28.196 0 0 -28.196 0
7.13 0 28.1739 0 0 -28.1739 0
7.14 0 28.1518 0 0 -28.1518 0
7.15 0 28.1297 0 0 -28.1297 0
7.16 0 28.1075 0 0 -28.1075 0
7.17 0 28.0854 0 0 -28.0854 0
7.18 0 28.0633 0 0 -28.0633 0
7.19 0 28.0411 0 0 -28.0411 0
7.2 0 28.019 0 0 -28.019 0
7.21 0 27.9969 0 0 -27.9969 0
7.22 0 27.9747 0 0 -27.9747 0
7.23 0 27.9526 0 0 -27.9526 0
7.24 0 27.9304 0 0 -27.9304 0
7.25 0 27.9083 0 0 -27.9083 0
7.26 0 27.8861 0 0 -27.8861 0
7.27 0 27.864 0 0 -27.864 0
7.28 0 27.8418 0 0 -27.8418 0
7.29 0 27.8197 0 0 -27.8197 0
7.3 0 27.7975 0 0 -27.7975 0
7.31 0 27.7753 0 0 -27.7753 0
7.32 0 27.7531 0 0 -27.7531 0
7.33 0 27.731 0 0 -27.731 0
7.34 0 27.7088 0 0 -27.7088 0
7.35 0 27.6866 0 0 -27.6866 0
7.36 0 27.6644 0 0 -27.6644 0
7.37 0 27.6423 0 0 -27.6423 0
7.38 0 27.6201 0 0 -27.6201 0
7.39 0 27.5979 0 0 -27.5979 0
7.4 0 27.5757 0 0 -27.5757 0
7.41 0 27.5535 0 0 -27.5535 0
7.42 0 27.5313 0 0 -27.5313 0
7.43 0 27.5091 0 0 -27.5091 0
7.44 0 27.4869 0 0 -27.4869 0
7.45 0 27.4647 0 0 -27.4647 0
7.46 0 27.4425 0 0 -27.4425 0
7.47 0 27.4203 0 0 -27.4203 0
7.48 0 27.3981 0 0 -27.3981 0
7.49 0 27.3759 0 0 -27.3759 0
7.5 0 27.3536 0 0 -27.3536 0
7.51 0 27.3314 0 0 -27.3314 0
7.52 0 27.3092 0 0 -27.3092 0
7.53 0 27.287 0 0 -27.287 0
7.54 0 27.2647 0 0 -27.2647 0
7.55 0 27.2425 0 0 -27.2425 0
7.56 0 27.2203 0 0 -27.2203 0
7.57 0 27.198 0 0 -27.198 0
7.58 0 27.1758 0 0 -27.1758 0
7.59 0 27.1536 0 0 -27.1536 0
7.6 0 27.1313 0 0 -27.1313 0
7.61 0 27.1091 0 0 -27.1091 0
7.62 0 27.0868 0 0 -27.0868 0
7.63 0 27.0646 0 0 -27.0646 0
7.64 0 27.0423 0 0 -27.0423 0
7.65 0 27.0201 0 0 -27.0201 0
7.66 0 26.9978 0 0 -26.9978 0
7.67 0 26.9755 0 0 -26.9755 0
7.68 0 26.9533 0 0 -26.9533 0
7.69 0 26.931 0 0 -26.931 0
7.7 0 26.9087 0 0 -26.9087 0
7.71 0 26.8865 0 0 -26.8865 0
7.72 0 26.8642 0 0 -26.8642 0
7.73 0 26.8419 0 0 -26.8419 0
7.74 0 26.8196 0 0 -26.8196 0
7.75 0 26.7973 0 0 -26.7973 0
7.76 0 26.775 0 0 -26.775 0
7.77 0 26.7528 0 0 -26.7528 0
7.78 0 26.7305 0 0 -26.7305 0
7.79 0 26.7082 0 0 -26.7082 0
7.8 0 26.6859 0 0 -26.6859 0
7.81 0 26.6636 0 0 -26.6636 0
7.82 0 26.6413 0 0 -26.6413 0
7.83 0 26.619 0 0 -26.619 0
7.84 0 26.5967 0 0 -26.5967 0
7.85 0 26.5743 0 0 -26.5743 0
7.86 0 26.552 0 0 -26.552 0
7.87 0 26.5297 0 0 -26.5297 0
7.88 0 26.5074 0 0 -26.5074 0
7.89 0 26.4851 0 0 -26.4851 0
7.9 0 26.4628 0 0 -26.4628 0
7.91 0 26.4404 0 0 -26.4404 0
7.92 0 26.4181 0 0 -26.4181 0
7.93 0 26.3958 0 0 -26.3958 0
7.94 0 26.3749 0 0 -26.3749 0
7.95 0 26.3554 0 0 -26.3554 0
7.96 0 26.3358 0 0 -26.3358 0
7.97 0 26.3163 0 0 -26.3163 0
7.98 0 26.2967 0 0 -26.2967 0
7.99 0 26.2772 0 0 -26.2772 0
8 0 26.2576 0 0 -26.2576 0
8.01 0 26.2381 0 0 -26.2381 0
8.02 0 26.2185 0 0 -26.2185 0
8.03 0 26.1989 0 0 -26.1989 0
8.04 0 26.1794 0 0 -26.1794 0
8.05 0 26.1598 0 0 -26.1598 0
8.06 0 26.1403 0 0 -26.1403 0
8.07 0 26.1207 0 0 -26.1207 0
8.08 0 26.1011 0 0 -26.1011 0
8.09 0 26.0803 0 0 -26.0803 0
8.1 0 26.0579 0 0 -26.0579 0
8.11 0 26.0355 0 0 -26.0355 0
8.12 0 26.0131 0 0 -26.0131 0
8.13 0 25.9908 0 0 -25.9908 0
8.14 0 25.9684 0 0 -25.9684 0
8.15 0 25.946 0 0 -25.946 0
8.16 0 25.9236 0 0 -25.9236 0
8.17 0 25.9012 0 0 -25.9012 0
8.18 0 25.8788 0 0 -25.8788 0
8.19 0 25.8564 0 0 -25.8564 0
8.2 0 25.834 0 0 -25.834 0
8.21 0 25.8116 0 0 -25.8116 0
8.22 0 25.7892 0 0 -25.7892 0
8.23 0 25.7668 0 0 -25.7668 0
8.24 0 25.7444 0 0 -25.7444 0
8.25 0 25.722 0 0 -25.722 0
8.26 0 25.6996 0 0 -25.6996 0
8.27 0 25.6772 0 0 -25.6772 0
8.28 0 25.6547 0 0 -25.6547 0
8.29 0 25.6323 0 0 -25.6323 0
8.3 0 25.6099 0 0 -25.6099 0
8.31 0 25.5875 0 0 -25.5875 0
8.32 0 25.565 0 0 -25.565 0
8.33 0 25.5426 0 0 -25.5426 0
8.34 0 25.5202 0 0 -25.5202 0
8.35 0 25.4977 0 0 -25.4977 0
8.36 0 25.4753 0 0 -25.4753 0
8.37 0 25.4529 0 0 -25.4529 0
8.38 0 25.4304 0 0 -25.4304 0
8.39 0 25.4088 0 0 -25.4088 0
8.4 0 25.3892 0 0 -25.3892 0
8.41 0 25.3695 0 0 -25.3695 0
8.42 0 25.3499 0 0 -25.3499 0
8.43 0 25.3302 0 0 -25.3302 0
8.44 0 25.3106 0 0 -25.3106 0
8.45 0 25.2909 0 0 -25.2909 0
8.46 0 25.2713 0 0 -25.2713 0
8.47 0 25.2516 0 0 -25.2516 0
8.48 0 25.232 0 0 -25.232 0
8.49 0 25.2123 0 0 -25.2123 0
8.5 0 25.1926 0 0 -25.1926 0
8.51 0 25.173 0 0 -25.173 0
8.52 0 25.1533 0 0 -25.1533 0
8.53 0 25.1336 0 0 -25.1336 0
8.54 0 25.1133 0 0 -25.1133 0
8.55 0 25.0908 0 0 -25.0908 0
8.56 0 25.0683 0 0 -25.0683 0
8.57 0 25.0458 0 0 -25.0458 0
8.58 0 25.0234 0 0 -25.0234 0
8.59 0 25.0009 0 0 -25.0009 0
8.6 0 24.9784 0 0 -24.9784 0
8.61 0 24.9559 0 0 -24.9559 0
8.62 0 24.9334 0 0 -24.9334 0
8.63 0 24.9109 0 0 -24.9109 0
8.64 0 24.8883 0 0 -24.8883 0
8.65 0 24.8658 0 0 -24.8658 0
8.66 0 24.8433 0 0 -24.8433 0
8.67 0 24.8208 0 0 -24.8208 0
8.68 0 24.7983 0 0 -24.7983 0
8.69 0 24.7762 0 0 -24.7762 0
8.7 0 24.7565 0 0 -24.7565 0
8.71 0 24.7368 0 0 -24.7368 0
8.72 0 24.7171 0 0 -24.7171 0
8.73 0 24.6974 0 0 -24.6974 0
8.74 0 24.6776 0 0 -24.6776 0
8.75 0 24.6579 0 0 -24.6579 0
8.76 0 24.6382 0 0 -24.6382 0
8.77 0 24.6185 0 0 -24.6185 0
8.78 0 24.5988 0 0 -24.5988 0
8.79 0 24.579 0 0 -24.579 0
8.8 0 24.5593 0 0 -24.5593 0
8.81 0 24.5396 0 0 -24.5396 0
8.82 0 24.5198 0 0 -24.5198 0
8.83 0 24.5001 0 0 -24.5001 0
8.84 0 24.4801 0 0 -24.4801 0
8.85 0 24.4576 0 0 -24.4576 0
8.86 0 24.435 0 0 -24.435 0
8.87 0 24.4125 0 0 -24.4125 0
8.88 0 24.3899 0 0 -24.3899 0
8.89 0 24.3673 0 0 -24.3673 0
8.9 0 24.3448 0 0 -24.3448 0
8.91 0 24.3222 0 0 -24.3222 0
8.92 0 24.2996 0 0 -24.2996 0
8.93 0 24.277 0 0 -24.277 0
8.94 0 24.2544 0 0 -24.2544 0
8.95 0 24.2319 0 0 -24.2319 0
8.96 0 24.2093 0 0 -24.2093 0
8.97 0 24.1867 0 0 -24.1867 0
8.98 0 24.1641 0 0 -24.1641 0
8.99 0 24.1415 0 0 -24.1415 0
9 0 24.1217 0 0 -24.1217 0
9.01 0 24.102 0 0 -24.102 0
9.02 0 24.0822 0 0 -24.0822 0
9.03 0 24.0624 0 0 -24.0624 0
9.04 0 24.0426 0 0 -24.0426 0
9.05 0 24.0228 0 0 -24.0228 0
9.06 0 24.0031 0 0 -24.0031 0
9.07 0 23.9833 0 0 -23.9833 0
9.08 0 23.9635 0 0 -23.9635 0
9.09 0 23.9437 0 0 -23.9437 0
9.1 0 23.9239 0 0 -23.9239 0
9.11 0 23.9041 0 0 -23.9041 0
9.12 0 23.8843 0 0 -23.8843 0
9.13 0 23.8645 0 0 -23.8645 0
9.14 0 23.8447 0 0 -23.8447 0
9.15 0 23.8249 0 0 -23.8249 0
9.16 0 23.8051 0 0 -23.8051 0
9.17 0 23.7853 0 0 -23.7853 0
9.18 0 23.7655 0 0 -23.7655 0
9.19 0 23.7457 0 0 -23.7457 0
9.2 0 23.7259 0 0 -23.7259 0
9.21 0 23.7061 0 0 -23.7061 0
9.22 0 23.6862 0 0 -23.6862 0
9.23 0 23.6664 0 0 -23.6664 0
9.24 0 23.6466 0 0 -23.6466 0
9.25 0 23.6268 0 0 -23.6268 0
9.26 0 23.6069 0 0 -23.6069 0
9.27 0 23.5871 0 0 -23.5871 0
9.28 0 23.5673 0 0 -23.5673 0
9.29 0 23.5475 0 0 -23.5475 0
9.3 0 23.5252 0 0 -23.5252 0
9.31 0 23.5025 0 0 -23.5025 0
9.32 0 23.4799 0 0 -23.4799 0
9.33 0 23.4572 0 0 -23.4572 0
9.34 0 23.4345 0 0 -23.4345 0
9.35 0 23.4118 0 0 -23.4118 0
9.36 0 23.3892 0 0 -23.3892 0
9.37 0 23.3665 0 0 -23.3665 0
9.38 0 23.3438 0 0 -23.3438 0
9.39 0 23.3211 0 0 -23.3211 0
9.4 0 23.2984 0 0 -23.2984 0
9.41 0 23.2757 0 0 -23.2757 0
9.42 0 23.253 0 0 -23.253 0
9.43 0 23.2303 0 0 -23.2303 0
9.44 0 23.2076 0 0 -23.2076 0
9.45 0 23.1871 0 0 -23.1871 0
9.46 0 23.1673 0 0 -23.1673 0
9.47 0 23.1474 0 0 -23.1474 0
9.48 0 23.1275 0 0 -23.1275 0
9.49 0 23.1076 0 0 -23.1076 0
9.5 0 23.0878 0 0 -23.0878 0
9.51 0 23.0679 0 0 -23.0679 0
9.52 0 23.048 0 0 -23.048 0
9.53 0 23.0281 0 0 -23.0281 0
9.54 0 23.0082 0 0 -23.0082 0
9.55 0 22.9884 0 0 -22.9884 0
9.56 0 22.9685 0 0 -22.9685 0
9.57 0 22.9486 0 0 -22.9486 0
9.58 0 22.9287 0 0 -22.9287 0
9.59 0 22.9088 0 0 -22.9088 0
9.6 0 22.8889 0 0 -22.8889 0
9.61 0 22.869 0 0 -22.869 0
9.62 0 22.8491 0 0 -22.8491 0
9.63 0 22.8292 0 0 -22.8292 0
9.64 0 22.8093 0 0 -22.8093 0
9.65 0 22.7894 0 0 -22.7894 0
9.66 0 22.7695 0 0 -22.7695 0
9.67 0 22.7496 0 0 -22.7496 0
9.68 0 22.7297 0 0 -22.7297 0
9.69 0 22.7097 0 0 -22.7097 0
9.7 0 22.6898 0 0 -22.6898 0
9.71 0 22.6699 0 0 -22.6699 0
9.72 0 22.65 0 0 -22.65 0
9.73 0 22.6301 0 0 -22.6301 0
9.74 0 22.6101 0 0 -22.6101 0
9.75 0 22.5902 0 0 -22.5902 0
9.76 0 22.5703 0 0 -22.5703 0
9.77 0 22.5504 0 0 -22.5504 0
9.78 0 22.5304 0 0 -22.5304 0
9.79 0 22.5105 0 0 -22.5105 0
9.8 0 22.4906 0 0 -22.4906 0
9.81 0 22.4706 0 0 -22.4706 0
9.82 0 22.4507 0 0 -22.4507 0
9.83 0 22.4307 0 0 -22.4307 0
9.84 0 22.4108 0 0 -22.4108 0
9.85 0 22.3909 0 0 -22.3909 0
9.86 0 22.3709 0 0 -22.3709 0
9.87 0 22.351 0 0 -22.351 0
9.88 0 22.331 0 0 -22.331 0
9.89 0 22.3111 0 0 -22.3111 0
9.9 0 22.2911 0 0 -22.2911 0
9.91 0 22.2711 0 0 -22.2711 0
9.92 0 22.2512 0 0 -22.2512 0
9.93 0 22.2312 0 0 -22.2312 0
9.94 0 22.2113 0 0 -22.2113 0
9.95 0 22.1913 0 0 -22.1913 0
9.96 0 22.1713 0 0 -22.1713 0
9.97 0 22.1514 0 0 -22.1514 0
9.98 0 22.1314 0 0 -22.1314 0
9.99 0 22.1114 0 0 -22.1114 0
10 0 22.0914 0 0 -22.0914 0
10.01 0 22.0715 0 0 -22.0715 0
10.02 0 22.0515 0 0 -22.0515 0
10.03 0 22.0315 0 0 -22.0315 0
10.04 0 22.0115 0 0 -22.0115 0
10.05 0 21.9915 0 0 -21.9915 0
10.06 0 21.9715 0 0 -21.9715 0
10.07 0 21.9516 0 0 -21.9516 0
10.08 0 21.9316 0 0 -21.9316 0
10.09 0 21.9116 0 0 -21.9116 0
10.1 0 21.8916 0 0 -21.8916 0
10.11 0 21.8716 0 0 -21.8716 0
10.12 0 21.8516 0 0 -21.8516 0
10.13 0 21.8316 0 0 -21.8316 0
10.14 0 21.8116 0 0 -21.8116 0
10.15 0 21.7916 0 0 -21.7916 0
10.16 0 21.7716 0 0 -21.7716 0
10.17 0 21.7516 0 0 -21.7516 0
10.18 0 21.7316 0 0 -21.7316 0
10.19 0 21.7115 0 0 -21.7115 0
10.2 0 21.6915 0 0 -21.6915 0
10.21 0 21.6715 0 0 -21.6715 0
10.22 0 21.6515 0 0 -21.6515 0
10.23 0 21.6315 0 0 -21.6315 0
10.24 0 21.6115 0 0 -21.6115 0
10.25 0 21.5914 0 0 -21.5914 0
10.26 0 21.5714 0 0 -21.5714 0
10.27 0 21.5514 0 0 -21.5514 0
10.28 0 21.5313 0 0 -21.5313 0
10.29 0 21.5113 0 0 -21.5113 0
10.3 0 21.4913 0 0 -21.4913 0
10.31 0 21.4712 0 0 -21.4712 0
10.32 0 21.4512 0 0 -21.4512 0
10.33 0 21.4312 0 0 -21.4312 0
10.34 0 21.4111 0 0 -21.4111 0
10.35 0 21.3911 0 0 -21.3911 0
10.36 0 21.371 0 0 -21.371 0
10.37 0 21.351 0 0 -21.351 0
10.38 0 21.3309 0 0 -21.3309 0
10.39 0 21.3109 0 0 -21.3109 0
10.4 0 21.2908 0 0 -21.2908 0
10.41 0 21.2708 0 0 -21.2708 0
10.42 0 21.2507 0 0 -21.2507 0
10.43 0 21.2307 0 0 -21.2307 0
10.44 0 21.2106 0 0 -21.2106 0
10.45 0 21.1905 0 0 -21.1905 0
10.46 0 21.1705 0 0 -21.1705 0
10.47 0 21.1504 0 0 -21.1504 0
10.48 0 21.1303 0 0 -21.1303 0
10.49 0 21.1103 0 0 -21.1103 0
10.5 0 21.0902 0 0 -21.0902 0
10.51 0 21.0701 0 0 -21.0701 0
10.52 0 21.05 0 0 -21.05 0
10.53 0 21.03 0 0 -21.03 0
10.54 0 21.0099 0 0 -21.0099 0
10.55 0 20.9898 0 0 -20.9898 0
10.56 0 20.9697 0 0 -20.9697 0
10.57 0 20.9496 0 0 -20.9496 0
10.58 0 20.9295 0 0 -20.9295 0
10.59 0 20.9094 0 0 -20.9094 0
10.6 0 20.8893 0 0 -20.8893 0
10.61 0 20.8693 0 0 -20.8693 0
10.62 0 20.8492 0 0 -20.8492 0
10.63 0 20.8291 0 0 -20.8291 0
10.64 0 20.809 0 0 -20.809 0
10.65 0 20.7889 0 0 -20.7889 0
10.66 0 20.7687 0 0 -20.7687 0
10.67 0 20.7486 0 0 -20.7486 0
10.68 0 20.7285 0 0 -20.7285 0
10.69 0 20.7084 0 0 -20.7084 0
10.7 0 20.6883 0 0 -20.6883 0
10.71 0 20.6682 0 0 -20.6682 0
10.72 0 20.6481 0 0 -20.6481 0
10.73 0 20.628 0 0 -20.628 0
10.74 0 20.6078 0 0 -20.6078 0
10.75 0 20.5877 0 0 -20.5877 0
10.76 0 20.5676 0 0 -20.5676 0
10.77 0 20.5475 0 0 -20.5475 0
10.78 0 20.5273 0 0 -20.5273 0
10.79 0 20.5072 0 0 -20.5072 0
10.8 0 20.4871 0 0 -20.4871 0
10.81 0 20.4669 0 0 -20.4669 0
10.82 0 20.4468 0 0 -20.4468 0
10.83 0 20.4267 0 0 -20.4267 0
10.84 0 20.4065 0 0 -20.4065 0
10.85 0 20.3864 0 0 -20.3864 0
10.86 0 20.3662 0 0 -20.3662 0
10.87 0 20.3461 0 0 -20.3461 0
10.88 0 20.3259 0 0 -20.3259 0
10.89 0 20.3058 0 0 -20.3058 0
10.9 0 20.2856 0 0 -20.2856 0
10.91 0 20.2655 0 0 -20.2655 0
10.92 0 20.2453 0 0 -20.2453 0
10.93 0 20.2252 0 0 -20.2252 0
10.94 0 20.205 0 0 -20.205 0
10.95 0 20.1849 0 0 -20.1849 0
10.96 0 20.1677 0 0 -20.1677 0
10.97 0 20.1504 0 0 -20.1504 0
10.98 0 20.1331 0 0 -20.1331 0
10.99 0 20.1158 0 0 -20.1158 0
11 0 20.0985 0 0 -20.0985 0
11.01 0 20.0812 0 0 -20.0812 0
11.02 0 20.0639 0 0 -20.0639 0
11.03 0 20.0466 0 0 -20.0466 0
11.04 0 20.0293 0 0 -20.0293 0
11.05 0 20.012 0 0 -20.012 0
11.06 0 19.9947 0 0 -19.9947 0
11.07 0 19.9774 0 0 -19.9774 0
11.08 0 19.9601 0 0 -19.9601 0
11.09 0 19.9428 0 0 -19.9428 0
11.1 0 19.9255 0 0 -19.9255 0
11.11 0 19.9055 0 0 -19.9055 0
11.12 0 19.8853 0 0 -19.8853 0
11.13 0 19.8651 0 0 -19.8651 0
11.14 0 19.8449 0 0 -19.8449 0
11.15 0 19.8247 0 0 -19.8247 0
11.16 0 19.8045 0 0 -19.8045 0
11.17 0 19.7843 0 0 -19.7843 0
11.18 0 19.7641 0 0 -19.7641 0
11.19 0 19.7439 0 0 -19.7439 0
11.2 0 19.7237 0 0 -19.7237 0
11.21 0 19.7035 0 0 -19.7035 0
11.22 0 19.6833 0 0 -19.6833 0
11.23 0 19.6631 0 0 -19.6631 0
11.24 0 19.6429 0 0 -19.6429 0
11.25 0 19.6227 0 0 -19.6227 0
11.26 0 19.6024 0 0 -19.6024 0
11.27 0 19.5822 0 0 -19.5822 0
11.28 0 19.562 0 0 -19.562 0
11.29 0 19.5418 0 0 -19.5418 0
11.3 0 19.5215 0 0 -19.5215 0
11.31 0 19.5013 0 0 -19.5013 0
11.32 0 19.4811 0 0 -19.4811 0
11.33 0 19.4609 0 0 -19.4609 0
11.34 0 19.4406 0 0 -19.4406 0
11.35 0 19.4204 0 0 -19.4204 0
11.36 0 19.4002 0 0 -19.4002 0
11.37 0 19.3799 0 0 -19.3799 0
11.38 0 19.3597 0 0 -19.3597 0
11.39 0 19.3394 0 0 -19.3394 0
11.4 0 19.3192 0 0 -19.3192 0
11.41 0 19.3012 0 0 -19.3012 0
11.42 0 19.2839 0 0 -19.2839 0
11.43 0 19.2665 0 0 -19.2665 0
11.44 0 19.2492 0 0 -19.2492 0
11.45 0 19.2318 0 0 -19.2318 0
11.46 0 19.2145 0 0 -19.2145 0
11.47 0 19.1971 0 0 -19.1971 0
11.48 0 19.1797 0 0 -19.1797 0
11.49 0 19.1624 0 0 -19.1624 0
11.5 0 19.145 0 0 -19.145 0
11.51 0 19.1276 0 0 -19.1276 0
11.52 0 19.1103 0 0 -19.1103 0
11.53 0 19.0929 0 0 -19.0929 0
11.54 0 19.0755 0 0 -19.0755 0
11.55 0 19.0581 0 0 -19.0581 0
11.56 0 18.9255 0 0 -18.9255 0
11.57 0 18.7486 0 0 -18.7486 0
11.58 0 18.5716 0 0 -18.5716 0
11.59 0 18.3945 0 0 -18.3945 0
11.6 0 18.2172 0 0 -18.2172 0
11.61 0 18.0398 0 0 -18.0398 0
11.62 0 17.8622 0 0 -17.8622 0
11.63 0 17.6845 0 0 -17.6845 0
11.64 0 17.5067 0 0 -17.5067 0
11.65 0 17.3286 0 0 -17.3286 0
11.66 0 17.1505 0 0 -17.1505 0
11.67 0 16.9722 0 0 -16.9722 0
11.68 0 16.7937 0 0 -16.7937 0
11.69 0 16.6151 0 0 -16.6151 0
11.7 0 16.4364 0 0 -16.4364 0
11.71 0 16.4367 0 0 -16.4367 0
11.72 0 16.4363 0 0 -16.4363 0
11.73 0 16.4363 0 0 -16.4363 0
11.74 0 16.4363 0 0 -16.4363 0
11.75 0 16.4363 0 0 -16.4363 0
11.76 0 16.4363 0 0 -16.4363 0
11.77 0 16.4363 0 0 -16.4363 0
11.78 0 16.4363 0 0 -16.4363 0
11.79 0 16.4363 0 0 -16.4363 0
11.8 0 16.4363 0 0 -16.4363 0
11.81 0 16.4363 0 0 -16.4363 0
11.82 0 16.4363 0 0 -16.4363 0
11.83 0 16.4363 0 0 -16.4363 0
11.84 0 16.4363 0 0 -16.4363 0
11.85 0 16.4363 0 0 -16.4363 0
11.86 0 16.4363 0 0 -16.4363 0
11.87 0 16.4363 0 0 -16.4363 0
11.88 0 16.4363 0 0 -16.4363 0
11.89 0 16.4363 0 0 -16.4363 0
11.9 0 16.4363 0 0 -16.4363 0
11.91 0 16.4363 0 0 -16.4363 0
11.92 0 16.4363 0 0 -16.4363 0
11.93 0 16.4363 0 0 -16.4363 0
11.94 0 16.4363 0 0 -16.4363 0
11.95 0 16.4363 0 0 -16.4363 0
11.96 0 16.4363 0 0 -16.4363 0
11.97 0 16.4363 0 0 -16.4363 0
11.98 0 16.4363 0 0 -16.4363 0
11.99 0 16.4363 0 0 -16.4363 0
12 0 16.4363 0 0 -16.4363 0
12.01 0 16.4363 0 0 -16.4363 0
12.02 0 16.4363 0 0 -16.4363 0
12.03 0 16.4363 0 0 -16.4363 0
12.04 0 16.4363 0 0 -16.4363 0
12.05 0 16.4363 0 0 -16.4363 0
12.06 0 16.4363 0 0 -16.4363 0
12.07 0 16.4363 0 0 -16.4363 0
12.08 0 16.4363 0 0 -16.4363 0
12.09 0 16.4363 0 0 -16.4363 0
12.1 0 16.4363 0 0 -16.4363 0
12.11 0 16.4363 0 0 -16.4363 0
12.12 0 16.4363 0 0 -16.4363 0
12.13 0 16.4363 0 0 -16.4363 0
12.14 0 16.4363 0 0 -16.4363 0
12.15 0 16.4363 0 0 -16.4363 0
12.16 0 16.4363 0 0 -16.4363 0
12.17 0 16.4363 0 0 -16.4363 0
12.18 0 16.4363 0 0 -16.4363 0
12.19 0 16.4363 0 0 -16.4363 0
12.2 0 16.4363 0 0 -16.4363 0
12.21 0 16.4363 0 0 -16.4363 0
12.22 0 16.4363 0 0 -16.4363 0
12.23 0 16.4363 0 0 -16.4363 0
12.24 0 16.4363 0 0 -16.4363 0
12.25 0 16.4363 0 0 -16.4363 0
12.26 0 16.4363 0 0 -16.4363 0
12.27 0 16.4363 0 0 -16.4363 0
12.28 0 16.4363 0 0 -16.4363 0
12.29 0 16.4363 0 0 -16.4363 0
12.3 0 16.4363 0 0 -16.4363 0
12.31 0 16.4363 0 0 -16.4363 0
12.32 0 16.4351 0 0 -16.4351 0
12.33 0 16.4255 0 0 -16.4255 0
12.34 0 16.4158 0 0 -16.4158 0
12.35 0 16.406 0 0 -16.406 0
12.36 0 16.3959 0 0 -16.3959 0
12.37 0 16.3857 0 0 -16.3857 0
12.38 0 16.3753 0 0 -16.3753 0
12.39 0 16.3647 0 0 -16.3647 0
12.4 0 16.354 0 0 -16.354 0
12.41 0 16.3431 0 0 -16.3431 0
12.42 0 16.332 0 0 -16.332 0
12.43 0 16.3208 0 0 -16.3208 0
12.44 0 16.3094 0 0 -16.3094 0
12.45 0 16.2979 0 0 -16.2979 0
12.46 0 16.298 0 0 -16.298 0
12.47 0 16.2977 0 0 -16.2977 0
12.48 0 16.2979 0 0 -16.2979 0
12.49 0 16.2978 0 0 -16.2978 0
12.5 0 16.2978 0 0 -16.2978 0
12.51 0 16.2978 0 0 -16.2978 0
12.52 0 16.2978 0 0 -16.2978 0
12.53 0 16.2978 0 0 -16.2978 0
12.54 0 16.2978 0 0 -16.2978 0
12.55 0 16.2978 0 0 -16.2978 0
12.56 0 16.2978 0 0 -16.2978 0
12.57 0 16.2978 0 0 -16.2978 0
12.58 0 16.2978 0 0 -16.2978 0
12.59 0 16.2978 0 0 -16.2978 0
12.6 0 16.2978 0 0 -16.2978 0
12.61 0 16.2978 0 0 -16.2978 0
12.62 0 16.2978 0 0 -16.2978 0
12.63 0 16.2978 0 0 -16.2978 0
12.64 0 16.2978 0 0 -16.2978 0
12.65 0 16.2978 0 0 -16.2978 0
12.66 0 16.2978 0 0 -16.2978 0
12.67 0 16.2978 0 0 -16.2978 0
12.68 0 16.2978 0 0 -16.2978 0
12.69 0 16.2978 0 0 -16.2978 0
12.7 0 16.2978 0 0 -16.2978 0
12.71 0 16.2978 0 0 -16.2978 0
12.72 0 16.2978 0 0 -16.2978 0
12.73 0 16.2978 0 0 -16.2978 0
12.74 0 16.2978 0 0 -16.2978 0
12.75 0 16.2978 0 0 -16.2978 0
12.76 0 16.2978 0 0 -16.2978 0
12.77 0 16.2978 0 0 -16.2978 0
12.78 0 16.2978 0 0 -16.2978 0
12.79 0 16.2978 0 0 -16.2978 0
12.8 0 16.2978 0 0 -16.2978 0
12.81 0 16.2978 0 0 -16.2978 0
12.82 0 16.2978 0 0 -16.2978 0
12.83 0 16.2978 0 0 -16.2978 0
12.84 0 16.2978 0 0 -16.2978 0
12.85 0 16.2978 0 0 -16.2978 0
12.86 0 16.2978 0 0 -16.2978 0
12.87 0 16.2978 0 0 -16.2978 0
12.88 0 16.2978 0 0 -16.2978 0
12.89 0 16.2978 0 0 -16.2978 0
12.9 0 16.2978 0 0 -16.2978 0
12.91 0 16.2978 0 0 -16.2978 0
12.92 0 16.2978 0 0 -16.2978 0
12.93 0 16.2696 0 0 -16.2696 0
12.94 0 16.1728 0 0 -16.1728 0
12.95 0 16.0658 0 0 -16.0658 0
12.96 0 15.95 0 0 -15.95 0
12.97 0 15.8265 0 0 -15.8265 0
12.98 0 15.6963 0 0 -15.6963 0
12.99 0 15.5603 0 0 -15.5603 0
13 0 15.4192 0 0 -15.4192 0
13.01 0 15.2736 0 0 -15.2736 0
13.02 0 15.1241 0 0 -15.1241 0
13.03 0 14.9711 0 0 -14.9711 0
13.04 0 14.815 0 0 -14.815 0
13.05 0 14.6561 0 0 -14.6561 0
13.06 0 14.4947 0 0 -14.4947 0
13.07 0 14.4947 0 0 -14.4947 0
13.08 0 14.4947 0 0 -14.4947 0
13.09 0 14.4947 0 0 -14.4947 0
13.1 0 14.4947 0 0 -14.4947 0
13.11 0 14.4947 0 0 -14.4947 0
13.12 0 14.4947 0 0 -14.4947 0
13.13 0 14.4947 0 0 -14.4947 0
13.14 0 14.4947 0 0 -14.4947 0
13.15 0 14.4947 0 0 -14.4947 0
13.16 0 14.4947 0 0 -14.4947 0
13.17 0 14.4947 0 0 -14.4947 0
13.18 0 14.4947 0 0 -14.4947 0
13.19 0 14.4947 0 0 -14.4947 0
13.2 0 14.4947 0 0 -14.4947 0
13.21 0 14.4947 0 0 -14.4947 0
13.22 0 14.4947 0 0 -14.4947 0
13.23 0 14.4947 0 0 -14.4947 0
13.24 0 14.4947 0 0 -14.4947 0
13.25 0 14.4947 0 0 -14.4947 0
13.26 0 14.4947 0 0 -14.4947 0
13.27 0 14.4947 0 0 -14.4947 0
13.28 0 14.4947 0 0 -14.4947 0
13.29 0 14.4947 0 0 -14.4947 0
13.3 0 14.4947 0 0 -14.4947 0
13.31 0 14.4947 0 0 -14.4947 0
13.32 0 14.4947 0 0 -14.4947 0
13.33 0 14.4947 0 0 -14.4947 0
13.34 0 14.4947 0 0 -14.4947 0
13.35 0 14.4947 0 0 -14.4947 0
13.36 0 14.4947 0 0 -14.4947 0
13.37 0 14.4947 0 0 -14.4947 0
13.38 0 14.4947 0 0 -14.4947 0
13.39 0 14.4947 0 0 -14.4947 0
13.4 0 14.4947 0 0 -14.4947 0
13.41 0 14.4947 0 0 -14.4947 0
13.42 0 14.4947 0 0 -14.4947 0
13.43 0 14.4947 0 0 -14.4947 0
13.44 0 14.4947 0 0 -14.4947 0
13.45 0 14.4947 0 0 -14.4947 0
13.46 0 14.4947 0 0 -14.4947 0
13.47 0 14.4947 0 0 -14.4947 0
13.48 0 14.4947 0 0 -14.4947 0
13.49 0 14.4947 0 0 -14.4947 0
13.5 0 14.4947 0 0 -14.4947 0
13.51 0 14.4947 0 0 -14.4947 0
13.52 0 14.4947 0 0 -14.4947 0
13.53 0 14.4947 0 0 -14.4947 0
13.54 0 14.4947 0 0 -14.4947 0
13.55 0 14.4947 0 0 -14.4947 0
13.56 0 14.4947 0 0 -14.4947 0
13.57 0 14.4947 0 0 -14.4947 0
13.58 0 14.4947 0 0 -14.4947 0
13.59 0 14.4947 0 0 -14.4947 0
13.6 0 14.4947 0 0 -14.4947 0
13.61 0 14.4947 0 0 -14.4947 0
13.62 0 14.4947 0 0 -14.4947 0
13.63 0 14.4947 0 0 -14.4947 0
13.64 0 14.4947 0 0 -14.4947 0
13.65 0 14.4947 0 0 -14.4947 0
13.66 0 14.4947 0 0 -14.4947 0
13.67 0 14.4947 0 0 -14.4947 0
13.68 0 14.4947 0 0 -14.4947 0
13.69 0 14.4947 0 0 -14.4947 0
13.7 0 14.4947 0 0 -14.4947 0
13.71 0 14.4947 0 0 -14.4947 0
13.72 0 14.4947 0 0 -14.4947 0
13.73 0 14.4947 0 0 -14.4947 0
13.74 0 14.4947 0 0 -14.4947 0
13.75 0 14.4947 0 0 -14.4947 0
13.76 0 14.4947 0 0 -14.4947 0
13.77 0 14.4947 0 0 -14.4947 0
13.78 0 14.4947 0 0 -14.4947 0
13.79 0 14.4947 0 0 -14.4947 0
13.8 0 14.4947 0 0 -14.4947 0
13.81 0 14.4947 0 0 -14.4947 0
13.82 0 14.4947 0 0 -14.4947 0
13.83 0 14.4947 0 0 -14.4947 0
13.84 0 14.4947 0 0 -14.4947 0
13.85 0 14.4947 0 0 -14.4947 0
13.86 0 14.4947 0 0 -14.4947 0
13.87 0 14.4947 0 0 -14.4947 0
13.88 0 14.4947 0 0 -14.4947 0
13.89 0 14.4947 0 0 -14.4947 0
13.9 0 14.4947 0 0 -14.4947 0
13.91 0 14.4947 0 0 -14.4947 0
13.92 0 14.4947 0 0 -14.4947 0
13.93 0 14.4947 0 0 -14.4947 0
13.94 0 14.4947 0 0 -14.4947 0
13.95 0 14.4947 0 0 -14.4947 0
13.96 0 14.4947 0 0 -14.4947 0
13.97 0 14.4947 0 0 -14.4947 0
13.98 0 14.4947 0 0 -14.4947 0
13.99 0 14.4947 0 0 -14.4947 0
14 0 14.4947 0 0 -14.4947 0
14.01 0 14.4947 0 0 -14.4947 0
14.02 0 14.4947 0 0 -14.4947 0
14.03 0 14.4947 0 0 -14.4947 0
14.04 0 14.4947 0 0 -14.4947 0
14.05 0 14.4947 0 0 -14.4947 0
14.06 0 14.4947 0 0 -14.4947 0
14.07 0 14.4947 0 0 -14.4947 0
14.08 0 14.4947 0 0 -14.4947 0
14.09 0 14.4947 0 0 -14.4947 0
14.1 0 14.4947 0 0 -14.4947 0
14.11 0 14.4947 0 0 -14.4947 0
14.12 0 14.4947 0 0 -14.4947 0
14.13 0 14.4947 0 0 -14.4947 0
14.14 0 14.4947 0 0 -14.4947 0
14.15 0 14.4947 0 0 -14.4947 0
14.16 0 14.4947 0 0 -14.4947 0
14.17 0 14.4947 0 0 -14.4947 0
14.18 0 14.4947 0 0 -14.4947 0
14.19 0 14.4947 0 0 -14.4947 0
14.2 0 14.4947 0 0 -14.4947 0
14.21 0 14.4947 0 0 -14.4947 0
14.22 0 14.4947 0 0 -14.4947 0
14.23 0 14.4947 0 0 -14.4947 0
14.24 0 14.4947 0 0 -14.4947 0
14.25 0 14.4947 0 0 -14.4947 0
14.26 0 14.4947 0 0 -14.4947 0
14.27 0 14.4947 0 0 -14.4947 0
14.28 0 14.4947 0 0 -14.4947 0
14.29 0 14.4947 0 0 -14.4947 0
14.3 0 14.4079 0 0 -14.4079 0
14.31 0 14.2701 0 0 -14.2701 0
14.32 0 14.1266 0 0 -14.1266 0
14.33 0 13.9784 0 0 -13.9784 0
14.34 0 13.8261 0 0 -13.8261 0
14.35 0 13.6705 0 0 -13.6705 0
14.36 0 13.5122 0 0 -13.5122 0
14.37 0 13.3514 0 0 -13.3514 0
14.38 0 13.1885 0 0 -13.1885 0
14.39 0 13.0239 0 0 -13.0239 0
14.4 0 12.8577 0 0 -12.8577 0
14.41 0 12.6901 0 0 -12.6901 0
14.42 0 12.6252 0 0 -12.6252 0
14.43 0 12.6253 0 0 -12.6253 0
14.44 0 12.625 0 0 -12.625 0
14.45 0 12.6252 0 0 -12.6252 0
14.46 0 12.625 0 0 -12.625 0
14.47 0 12.6251 0 0 -12.6251 0
14.48 0 12.625 0 0 -12.625 0
14.49 0 12.625 0 0 -12.625 0
14.5 0 12.625 0 0 -12.625 0
14.51 0 12.625 0 0 -12.625 0
14.52 0 12.625 0 0 -12.625 0
14.53 0 12.625 0 0 -12.625 0
14.54 0 12.625 0 0 -12.625 0
14.55 0 12.625 0 0 -12.625 0
14.56 0 12.625 0 0 -12.625 0
14.57 0 12.625 0 0 -12.625 0
14.58 0 12.625 0 0 -12.625 0
14.59 0 12.625 0 0 -12.625 0
14.6 0 12.625 0 0 -12.625 0
14.61 0 12.625 0 0 -12.625 0
14.62 0 12.625 0 0 -12.625 0
14.63 0 12.625 0 0 -12.625 0
14.64 0 12.625 0 0 -12.625 0
14.65 0 12.625 0 0 -12.625 0
14.66 0 12.625 0 0 -12.625 0
14.67 0 12.625 0 0 -12.625 0
14.68 0 12.625 0 0 -12.625 0
14.69 0 12.625 0 0 -12.625 0
14.7 0 12.625 0 0 -12.625 0
14.71 0 12.625 0 0 -12.625 0
14.72 0 12.625 0 0 -12.625 0
14.73 0 12.625 0 0 -12.625 0
14.74 0 12.625 0 0 -12.625 0
14.75 0 12.625 0 0 -12.625 0
14.76 0 12.625 0 0 -12.625 0
14.77 0 12.625 0 0 -12.625 0
14.78 0 12.625 0 0 -12.625 0
14.79 0 12.625 0 0 -12.625 0
14.8 0 12.625 0 0 -12.625 0
14.81 0 12.625 0 0 -12.625 0
14.82 0 12.625 0 0 -12.625 0
14.83 0 12.625 0 0 -12.625 0
14.84 0 12.625 0 0 -12.625 0
14.85 0 12.625 0 0 -12.625 0
14.86 0 12.625 0 0 -12.625 0
14.87 0 12.625 0 0 -12.625 0
14.88 0 12.625 0 0 -12.625 0
14.89 0 12.625 0 0 -12.625 0
14.9 0 12.625 0 0 -12.625 0
14.91 0 12.625 0 0 -12.625 0
14.92 0 12.625 0 0 -12.625 0
14.93 0 12.625 0 0 -12.625 0
14.94 0 12.625 0 0 -12.625 0
14.95 0 12.625 0 0 -12.625 0
14.96 0 12.625 0 0 -12.625 0
14.97 0 12.625 0 0 -12.625 0
14.98 0 12.625 0 0 -12.625 0
14.99 0 12.625 0 0 -12.625 0
15 0 12.625 0 0 -12.625 0
15.01 0 12.4559 0 0 -12.4559 0
15.02 0 12.2668 0 0 -12.2668 0
15.03 0 12.2668 0 0 -12.2668 0
15.04 0 12.2668 0 0 -12.2668 0
15.05 0 12.2668 0 0 -12.2668 0
15.06 0 12.2668 0 0 -12.2668 0
15.07 0 12.2668 0 0 -12.2668 0
15.08 0 12.2668 0 0 -12.2668 0
15.09 0 12.2668 0 0 -12.2668 0
15.1 0 12.2668 0 0 -12.2668 0
15.11 0 12.2668 0 0 -12.2668 0
15.12 0 12.2668 0 0 -12.2668 0
15.13 0 12.2668 0 0 -12.2668 0
15.14 0 12.2668 0 0 -12.2668 0
15.15 0 12.2668 0 0 -12.2668 0
15.16 0 12.2668 0 0 -12.2668 0
15.17 0 12.2668 0 0 -12.2668 0
15.18 0 12.2668 0 0 -12.2668 0
15.19 0 12.2668 0 0 -12.2668 0
15.2 0 12.2668 0 0 -12.2668 0
15.21 0 12.2668 0 0 -12.2668 0
15.22 0 12.2668 0 0 -12.2668 0
15.23 0 12.2668 0 0 -12.2668 0
15.24 0 12.2668 0 0 -12.2668 0
15.25 0 12.2668 0 0 -12.2668 0
15.26 0 12.2668 0 0 -12.2668 0
15.27 0 12.2668 0 0 -12.2668 0
15.28 0 12.2668 0 0 -12.2668 0
15.29 0 12.2668 0 0 -12.2668 0
15.3 0 12.2668 0 0 -12.2668 0
15.31 0 12.2668 0 0 -12.2668 0
15.32 0 12.2668 0 0 -12.2668 0
15.33 0 12.2668 0 0 -12.2668 0
15.34 0 12.2668 0 0 -12.2668 0
15.35 0 12.2668 0 0 -12.2668 0
15.36 0 12.2668 0 0 -12.2668 0
15.37 0 12.2668 0 0 -12.2668 0
15.38 0 12.2668 0 0 -12.2668 0
15.39 0 12.2668 0 0 -12.2668 0
15.4 0 12.2668 0 0 -12.2668 0
15.41 0 12.2668 0 0 -12.2668 0
15.42 0 12.2668 0 0 -12.2668 0
15.43 0 12.2668 0 0 -12.2668 0
15.44 0 12.2668 0 0 -12.2668 0
15.45 0 12.2668 0 0 -12.2668 0
15.46 0 12.2668 0 0 -12.2668 0
15.47 0 12.2668 0 0 -12.2668 0
15.48 0 12.2668 0 0 -12.2668 0
15.49 0 12.2668 0 0 -12.2668 0
15.5 0 12.2668 0 0 -12.2668 0
15.51 0 12.2668 0 0 -12.2668 0
15.52 0 12.2668 0 0 -12.2668 0
15.53 0 12.2668 0 0 -12.2668 0
15.54 0 12.2668 0 0 -12.2668 0
15.55 0 12.2668 0 0 -12.2668 0
15.56 0 12.2668 0 0 -12.2668 0
15.57 0 12.2668 0 0 -12.2668 0
15.58 0 12.2668 0 0 -12.2668 0
15.59 0 12.2668 0 0 -12.2668 0
15.6 0 12.2668 0 0 -12.2668 0
15.61 0 12.2668 0 0 -12.2668 0
15.62 0 12.2668 0 0 -12.2668 0
15.63 0 12.2668 0 0 -12.2668 0
15.64 0 12.2668 0 0 -12.2668 0
15.65 0 12.2668 0 0 -12.2668 0
15.66 0 12.2668 0 0 -12.2668 0
15.67 0 12.2668 0 0 -12.2668 0
15.68 0 12.2107 0 0 -12.2107 0
15.69 0 12.083 0 0 -12.083 0
15.7 0 11.9533 0 0 -11.9533 0
15.71 0 11.822 0 0 -11.822 0
15.72 0 11.6894 0 0 -11.6894 0
15.73 0 11.5558 0 0 -11.5558 0
15.74 0 11.4212 0 0 -11.4212 0
15.75 0 11.2858 0 0 -11.2858 0
15.76 0 11.1497 0 0 -11.1497 0
15.77 0 11.013 0 0 -11.013 0
15.78 0 11.0132 0 0 -11.0132 0
15.79 0 11.0132 0 0 -11.0132 0
15.8 0 11.0132 0 0 -11.0132 0
15.81 0 11.0132 0 0 -11.0132 0
15.82 0 11.0132 0 0 -11.0132 0
15.83 0 11.0132 0 0 -11.0132 0
15.84 0 11.0132 0 0 -11.0132 0
15.85 0 11.0132 0 0 -11.0132 0
15.86 0 11.0132 0 0 -11.0132 0
15.87 0 11.0132 0 0 -11.0132 0
15.88 0 11.0132 0 0 -11.0132 0
15.89 0 11.0132 0 0 -11.0132 0
15.9 0 11.0132 0 0 -11.0132 0
15.91 0 11.0132 0 0 -11.0132 0
15.92 0 11.0132 0 0 -11.0132 0
15.93 0 11.0132 0 0 -11.0132 0
15.94 0 11.0132 0 0 -11.0132 0
15.95 0 11.0132 0 0 -11.0132 0
15.96 0 11.0132 0 0 -11.0132 0
15.97 0 11.0132 0 0 -11.0132 0
15.98 0 11.0132 0 0 -11.0132 0
15.99 0 11.0132 0 0 -11.0132 0
16 0 11.0132 0 0 -11.0132 0
16.01 0 11.0132 0 0 -11.0132 0
16.02 0 11.0132 0 0 -11.0132 0
16.03 0 11.0132 0 0 -11.0132 0
16.04 0 11.0132 0 0 -11.0132 0
16.05 0 11.0132 0 0 -11.0132 0
16.06 0 11.0132 0 0 -11.0132 0
16.07 0 11.0132 0 0 -11.0132 0
16.08 0 11.0132 0 0 -11.0132 0
16.09 0 11.0132 0 0 -11.0132 0
16.1 0 11.0132 0 0 -11.0132 0
16.11 0 11.0132 0 0 -11.0132 0
16.12 0 11.0132 0 0 -11.0132 0
16.13 0 11.0132 0 0 -11.0132 0
16.14 0 11.0132 0 0 -11.0132 0
16.15 0 11.0132 0 0 -11.0132 0
16.16 0 11.0132 0 0 -11.0132 0
16.17 0 11.0132 0 0 -11.0132 0
16.18 0 11.0132 0 0 -11.0132 0
16.19 0 11.0132 0 0 -11.0132 0
16.2 0 11.0132 0 0 -11.0132 0
16.21 0 11.0132 0 0 -11.0132 0
16.22 0 11.0132 0 0 -11.0132 0
16.23 0 11.0132 0 0 -11.0132 0
16.24 0 11.0132 0 0 -11.0132 0
16.25 0 11.0132 0 0 -11.0132 0
16.26 0 11.0132 0 0 -11.0132 0
16.27 0 11.0132 0 0 -11.0132 0
16.28 0 11.0132 0 0 -11.0132 0
16.29 0 11.0132 0 0 -11.0132 0
16.3 0 11.0132 0 0 -11.0132 0
16.31 0 11.0132 0 0 -11.0132 0
16.32 0 11.0132 0 0 -11.0132 0
16.33 0 10.9093 0 0 -10.9093 0
16.34 0 10.6628 0 0 -10.6628 0
16.35 0 10.415 0 0 -10.415 0
16.36 0 10.1663 0 0 -10.1663 0
16.37 0 9.91678 0 0 -9.91678 0
16.38 0 9.79422 0 0 -9.79422 0
16.39 0 9.79446 0 0 -9.79446 0
16.4 0 9.79385 0 0 -9.79385 0
16.41 0 9.79413 0 0 -9.79413 0
16.42 0 9.79387 0 0 -9.79387 0
16.43 0 9.79397 0 0 -9.79397 0
16.44 0 9.79388 0 0 -9.79388 0
16.45 0 9.79391 0 0 -9.79391 0
16.46 0 9.79388 0 0 -9.79388 0
16.47 0 9.79389 0 0 -9.79389 0
16.48 0 9.79388 0 0 -9.79388 0
16.49 0 9.79389 0 0 -9.79389 0
16.5 0 9.79388 0 0 -9.79388 0
16.51 0 9.79389 0 0 -9.79389 0
16.52 0 9.79388 0 0 -9.79388 0
16.53 0 9.79389 0 0 -9.79389 0
16.54 0 9.79388 0 0 -9.79388 0
16.55 0 9.79388 0 0 -9.79388 0
16.56 0 9.79388 0 0 -9.79388 0
16.57 0 9.79388 0 0 -9.79388 0
16.58 0 9.79388 0 0 -9.79388 0
16.59 0 9.79388 0 0 -9.79388 0
16.6 0 9.79388 0 0 -9.79388 0
16.61 0 9.79388 0 0 -9.79388 0
16.62 0 9.79388 0 0 -9.79388 0
16.63 0 9.79388 0 0 -9.79388 0
16.64 0 9.79388 0 0 -9.79388 0
16.65 0 9.79388 0 0 -9.79388 0
16.66 0 9.79388 0 0 -9.79388 0
16.67 0 9.79388 0 0 -9.79388 0
16.68 0 9.79388 0 0 -9.79388 0
16.69 0 9.79388 0 0 -9.79388 0
16.7 0 9.79388 0 0 -9.79388 0
16.71 0 9.79388 0 0 -9.79388 0
16.72 0 9.79388 0 0 -9.79388 0
16.73 0 9.79388 0 0 -9.79388 0
16.74 0 9.79388 0 0 -9.79388 0
16.75 0 9.79388 0 0 -9.79388 0
16.76 0 9.79388 0 0 -9.79388 0
16.77 0 9.79388 0 0 -9.79388 0
16.78 0 9.79388 0 0 -9.79388 0
16.79 0 9.79388 0 0 -9.79388 0
16.8 0 9.79388 0 0 -9.79388 0
16.81 0 9.79388 0 0 -9.79388 0
16.82 0 9.79388 0 0 -9.79388 0
16.83 0 9.79388 0 0 -9.79388 0
16.84 0 9.79388 0 0 -9.79388 0
16.85 0 9.79388 0 0 -9.79388 0
16.86 0 9.79388 0 0 -9.79388 0
16.87 0 9.79388 0 0 -9.79388 0
16.88 0 9.79388 0 0 -9.79388 0
16.89 0 9.79388 0 0 -9.79388 0
16.9 0 9.79388 0 0 -9.79388 0
16.91 0 9.79388 0 0 -9.79388 0
16.92 0 9.79388 0 0 -9.79388 0
16.93 0 9.79388 0 0 -9.79388 0
16.94 0 9.79388 0 0 -9.79388 0
16.95 0 9.79388 0 0 -9.79388 0
16.96 0 9.79388 0 0 -9.79388 0
16.97 0 9.79388 0 0 -9.79388 0
16.98 0 9.79388 0 0 -9.79388 0
16.99 0 9.79388 0 0 -9.79388 0
17 0 9.79388 0 0 -9.79388 0
17.01 0 9.79388 0 0 -9.79388 0
17.02 0 9.79388 0 0 -9.79388 0
17.03 0 9.79388 0 0 -9.79388 0
17.04 0 9.79388 0 0 -9.79388 0
17.05 0 9.79388 0 0 -9.79388 0
17.06 0 9.79388 0 0 -9.79388 0
17.07 0 9.79388 0 0 -9.79388 0
17.08 0 9.79388 0 0 -9.79388 0
17.09 0 9.79388 0 0 -9.79388 0
17.1 0 9.79388 0 0 -9.79388 0
17.11 0 9.72401 0 0 -9.72401 0
17.12 0 9.64132 0 0 -9.64132 0
17.13 0 9.55828 0 0 -9.55828 0
17.14 0 9.55849 0 0 -9.55849 0
17.15 0 9.55796 0 0 -9.55796 0
17.16 0 9.5582 0 0 -9.5582 0
17.17 0 9.55798 0 0 -9.55798 0
17.18 0 9.55806 0 0 -9.55806 0
17.19 0 9.55798 0 0 -9.55798 0
17.2 0 9.55801 0 0 -9.55801 0
17.21 0 9.55798 0 0 -9.55798 0
17.22 0 9.55799 0 0 -9.55799 0
17.23 0 9.55798 0 0 -9.55798 0
17.24 0 9.55799 0 0 -9.55799 0
17.25 0 9.55798 0 0 -9.55798 0
17.26 0 9.55799 0 0 -9.55799 0
17.27 0 9.55798 0 0 -9.55798 0
17.28 0 9.55799 0 0 -9.55799 0
17.29 0 9.55799 0 0 -9.55799 0
17.3 0 9.55799 0 0 -9.55799 0
17.31 0 9.55799 0 0 -9.55799 0
17.32 0 9.55799 0 0 -9.55799 0
17.33 0 9.55799 0 0 -9.55799 0
17.34 0 9.55799 0 0 -9.55799 0
17.35 0 9.55799 0 0 -9.55799 0
17.36 0 9.55799 0 0 -9.55799 0
17.37 0 9.55799 0 0 -9.55799 0
17.38 0 9.55799 0 0 -9.55799 0
17.39 0 9.55799 0 0 -9.55799 0
17.4 0 9.55799 0 0 -9.55799 0
17.41 0 9.55799 0 0 -9.55799 0
17.42 0 9.55799 0 0 -9.55799 0
17.43 0 9.55799 0 0 -9.55799 0
17.44 0 9.55799 0 0 -9.55799 0
17.45 0 9.55799 0 0 -9.55799 0
17.46 0 9.55799 0 0 -9.55799 0
17.47 0 9.55799 0 0 -9.55799 0
17.48 0 9.55799 0 0 -9.55799 0
17.49 0 9.55799 0 0 -9.55799 0
17.5 0 9.55799 0 0 -9.55799 0
17.51 0 9.55799 0 0 -9.55799 0
17.52 0 9.55799 0 0 -9.55799 0
17.53 0 9.55799 0 0 -9.55799 0
17.54 0 9.55799 0 0 -9.55799 0
17.55 0 9.55799 0 0 -9.55799 0
17.56 0 9.55799 0 0 -9.55799 0
17.57 0 9.55799 0 0 -9.55799 0
17.58 0 9.55799 0 0 -9.55799 0
17.59 0 9.55799 0 0 -9.55799 0
17.6 0 9.55799 0 0 -9.55799 0
17.61 0 9.55799 0 0 -9.55799 0
17.62 0 9.55799 0 0 -9.55799 0
17.63 0 9.55799 0 0 -9.55799 0
17.64 0 9.55799 0 0 -9.55799 0
17.65 0 9.55799 0 0 -9.55799 0
17.66 0 9.30983 0 0 -9.30983 0
17.67 0 9.01893 0 0 -9.01893 0
17.68 0 8.72605 0 0 -8.72605 0
17.69 0 8.43187 0 0 -8.43187 0
17.7 0 8.1368 0 0 -8.1368 0
17.71 0 7.84106 0 0 -7.84106 0
17.72 0 7.54484 0 0 -7.54484 0
17.73 0 7.24824 0 0 -7.24824 0
17.74 0 7.24824 0 0 -7.24824 0
17.75 0 7.24824 0 0 -7.24824 0
17.76 0 7.24824 0 0 -7.24824 0
17.77 0 7.24824 0 0 -7.24824 0
17.78 0 7.24824 0 0 -7.24824 0
17.79 0 7.24824 0 0 -7.24824 0
17.8 0 7.24824 0 0 -7.24824 0
17.81 0 7.24824 0 0 -7.24824 0
17.82 0 7.24824 0 0 -7.24824 0
17.83 0 7.24824 0 0 -7.24824 0
17.84 0 7.24824 0 0 -7.24824 0
17.85 0 7.24824 0 0 -7.24824 0
17.86 0 7.24824 0 0 -7.24824 0
17.87 0 7.24824 0 0 -7.24824 0
17.88 0 7.24824 0 0 -7.24824 0
17.89 0 7.24824 0 0 -7.24824 0
17.9 0 7.24824 0 0 -7.24824 0
17.91 0 7.24824 0 0 -7.24824 0
17.92 0 7.24824 0 0 -7.24824 0
17.93 0 7.24824 0 0 -7.24824 0
17.94 0 7.24824 0 0 -7.24824 0
17.95 0 7.24824 0 0 -7.24824 0
17.96 0 7.24824 0 0 -7.24824 0
17.97 0 7.24824 0 0 -7.24824 0
17.98 0 7.24824 0 0 -7.24824 0
17.99 0 7.24824 0 0 -7.24824 0
18 0 7.24824 0 0 -7.24824 0
18.01 0 7.24824 0 0 -7.24824 0
18.02 0 7.24824 0 0 -7.24824 0
18.03 0 7.24824 0 0 -7.24824 0
18.04 0 7.24824 0 0 -7.24824 0
18.05 0 7.24824 0 0 -7.24824 0
18.06 0 7.24824 0 0 -7.24824 0
18.07 0 7.24824 0 0 -7.24824 0
18.08 0 7.24824 0 0 -7.24824 0
18.09 0 7.24824 0 0 -7.24824 0
18.1 0 7.24824 0 0 -7.24824 0
18.11 0 7.24824 0 0 -7.24824 0
18.12 0 7.24824 0 0 -7.24824 0
18.13 0 7.24824 0 0 -7.24824 0
18.14 0 7.24824 0 0 -7.24824 0
18.15 0 7.24824 0 0 -7.24824 0
18.16 0 7.24824 0 0 -7.24824 0
18.17 0 7.24824 0 0 -7.24824 0
18.18 0 7.24824 0 0 -7.24824 0
18.19 0 7.24824 0 0 -7.24824 0
18.2 0 7.24824 0 0 -7.24824 0
18.21 0 7.24824 0 0 -7.24824 0
18.22 0 7.24824 0 0 -7.24824 0
18.23 0 7.24824 0 0 -7.24824 0
18.24 0 7.24824 0 0 -7.24824 0
18.25 0 7.24824 0 0 -7.24824 0
18.26 0 7.24824 0 0 -7.24824 0
18.27 0 7.24824 0 0 -7.24824 0
18.28 0 7.24824 0 0 -7.24824 0
18.29 0 7.24824 0 0 -7.24824 0
18.3 0 7.24824 0 0 -7.24824 0
18.31 0 7.24824 0 0 -7.24824 0
18.32 0 7.24824 0 0 -7.24824 0
18.33 0 7.24824 0 0 -7.24824 0
18.34 0 7.24824 0 0 -7.24824 0
18.35 0 7.24824 0 0 -7.24824 0
18.36 0 7.24824 0 0 -7.24824 0
18.37 0 7.24824 0 0 -7.24824 0
18.38 0 7.24824 0 0 -7.24824 0
18.39 0 7.24824 0 0 -7.24824 0
18.4 0 7.24824 0 0 -7.24824 0
18.41 0 7.24824 0 0 -7.24824 0
18.42 0 7.24824 0 0 -7.24824 0
18.43 0 7.24824 0 0 -7.24824 0
18.44 0 7.24824 0 0 -7.24824 0
18.45 0 7.24824 0 0 -7.24824 0
18.46 0 7.24824 0 0 -7.24824 0
18.47 0 7.24824 0 0 -7.24824 0
18.48 0 7.24824 0 0 -7.24824 0
18.49 0 7.24824 0 0 -7.24824 0
18.5 0 7.24824 0 0 -7.24824 0
18.51 0 7.24824 0 0 -7.24824 0
18.52 0 7.24824 0 0 -7.24824 0
18.53 0 7.24824 0 0 -7.24824 0
18.54 0 7.24824 0 0 -7.24824 0
18.55 0 7.24824 0 0 -7.24824 0
18.56 0 7.24824 0 0 -7.24824 0
18.57 0 7.24824 0 0 -7.24824 0
18.58 0 7.24824 0 0 -7.24824 0
18.59 0 7.24824 0 0 -7.24824 0
18.6 0 7.24824 0 0 -7.24824 0
18.61 0 7.24824 0 0 -7.24824 0
18.62 0 7.24824 0 0 -7.24824 0
18.63 0 7.24824 0 0 -7.24824 0
18.64 0 7.24824 0 0 -7.24824 0
18.65 0 7.24824 0 0 -7.24824 0
18.66 0 7.24824 0 0 -7.24824 0
18.67 0 7.24824 0 0 -7.24824 0
18.68 0 7.24824 0 0 -7.24824 0
18.69 0 7.24824 0 0 -7.24824 0
18.7 0 7.24824 0 0 -7.24824 0
18.71 0 7.24824 0 0 -7.24824 0
18.72 0 7.24824 0 0 -7.24824 0
18.73 0 7.24824 0 0 -7.24824 0
18.74 0 7.24824 0 0 -7.24824 0
18.75 0 7.24824 0 0 -7.24824 0
18.76 0 7.24824 0 0 -7.24824 0
18.77 0 7.24824 0 0 -7.24824 0
18.78 0 7.24824 0 0 -7.24824 0
18.79 0 7.24824 0 0 -7.24824 0
18.8 0 7.24824 0 0 -7.24824 0
18.81 0 7.24824 0 0 -7.24824 0
18.82 0 7.24824 0 0 -7.24824 0
18.83 0 7.24824 0 0 -7.24824 0
18.84 0 7.24824 0 0 -7.24824 0
18.85 0 7.24824 0 0 -7.24824 0
18.86 0 7.24824 0 0 -7.24824 0
18.87 0 7.24824 0 0 -7.24824 0
18.88 0 7.24824 0 0 -7.24824 0
18.89 0 7.24824 0 0 -7.24824 0
18.9 0 7.24824 0 0 -7.24824 0
18.91 0 7.24824 0 0 -7.24824 0
18.92 0 7.24824 0 0 -7.24824 0
18.93 0 7.24824 0 0 -7.24824 0
18.94 0 7.24824 0 0 -7.24824 0
18.95 0 7.24824 0 0 -7.24824 0
18.96 0 7.24824 0 0 -7.24824 0
18.97 0 7.24824 0 0 -7.24824 0
18.98 0 7.24824 0 0 -7.24824 0
18.99 0 7.24824 0 0 -7.24824 0
19 0 7.24824 0 0 -7.24824 0
19.01 0 7.24824 0 0 -7.24824 0
19.02 0 7.24824 0 0 -7.24824 0
19.03 0 7.01457 0 0 -7.01457 0
19.04 0 6.71417 0 0 -6.71417 0
19.05 0 6.41358 0 0 -6.41358 0
19.06 0 6.11281 0 0 -6.11281 0
19.07 0 5.8119 0 0 -5.8119 0
19.08 0 5.51087 0 0 -5.51087 0
19.09 0 5.20974 0 0 -5.20974 0
19.1 0 5.20974 0 0 -5.20974 0
19.11 0 5.20974 0 0 -5.20974 0
19.12 0 5.20974 0 0 -5.20974 0
19.13 0 5.20974 0 0 -5.20974 0
19.14 0 5.20974 0 0 -5.20974 0
19.15 0 5.20974 0 0 -5.20974 0
19.16 0 5.20974 0 0 -5.20974 0
19.17 0 5.20974 0 0 -5.20974 0
19.18 0 5.20974 0 0 -5.20974 0
19.19 0 5.20974 0 0 -5.20974 0
19.2 0 5.20974 0 0 -5.20974 0
19.21 0 5.20974 0 0 -5.20974 0
19.22 0 5.20974 0 0 -5.20974 0
19.23 0 5.20974 0 0 -5.20974 0
19.24 0 5.20974 0 0 -5.20974 0
19.25 0 5.20974 0 0 -5.20974 0
19.26 0 5.20974 0 0 -5.20974 0
19.27 0 5.20974 0 0 -5.20974 0
19.28 0 5.20974 0 0 -5.20974 0
19.29 0 5.20974 0 0 -5.20974 0
19.3 0 5.20974 0 0 -5.20974 0
19.31 0 5.20974 0 0 -5.20974 0
19.32 0 5.20974 0 0 -5.20974 0
19.33 0 5.20974 0 0 -5.20974 0
19.34 0 5.20974 0 0 -5.20974 0
19.35 0 5.20974 0 0 -5.20974 0
19.36 0 5.20974 0 0 -5.20974 0
19.37 0 5.20974 0 0 -5.20974 0
19.38 0 5.20974 0 0 -5.20974 0
19.39 0 5.20974 0 0 -5.20974 0
19.4 0 5.20974 0 0 -5.20974 0
19.41 0 5.20974 0 0 -5.20974 0
19.42 0 5.20974 0 0 -5.20974 0
19.43 0 5.20974 0 0 -5.20974 0
19.44 0 5.20974 0 0 -5.20974 0
19.45 0 5.20974 0 0 -5.20974 0
19.46 0 5.20974 0 0 -5.20974 0
19.47 0 5.20974 0 0 -5.20974 0
19.48 0 5.20974 0 0 -5.20974 0
19.49 0 5.20974 0 0 -5.20974 0
19.5 0 5.20974 0 0 -5.20974 0
19.51 0 5.20974 0 0 -5.20974 0
19.52 0 5.20974 0 0 -5.20974 0
19.53 0 5.20974 0 0 -5.20974 0
19.54 0 5.20974 0 0 -5.20974 0
19.55 0 5.20974 0 0 -5.20974 0
19.56 0 5.20974 0 0 -5.20974 0
19.57 0 5.20974 0 0 -5.20974 0
19.58 0 5.20974 0 0 -5.20974 0
19.59 0 5.20974 0 0 -5.20974 0
19.6 0 5.20974 0 0 -5.20974 0
19.61 0 5.20974 0 0 -5.20974 0
19.62 0 5.20974 0 0 -5.20974 0
19.63 0 5.20974 0 0 -5.20974 0
19.64 0 5.20974 0 0 -5.20974 0
19.65 0 5.20974 0 0 -5.20974 0
19.66 0 5.20974 0 0 -5.20974 0
19.67 0 5.20974 0 0 -5.20974 0
19.68 0 5.20974 0 0 -5.20974 0
19.69 0 5.20974 0 0 -5.20974 0
19.7 0 5.20974 0 0 -5.20974 0
19.71 0 5.20974 0 0 -5.20974 0
19.72 0 5.20974 0 0 -5.20974 0
19.73 0 5.20974 0 0 -5.20974 0
19.74 0 5.20974 0 0 -5.20974 0
19.75 0 5.20974 0 0 -5.20974 0
19.76 0 5.20974 0 0 -5.20974 0
19.77 0 5.20974 0 0 -5.20974 0
19.78 0 5.20974 0 0 -5.20974 0
19.79 0 5.20974 0 0 -5.20974 0
19.8 0 5.20974 0 0 -5.20974 0
19.81 0 5.20974 0 0 -5.20974 0
19.82 0 5.20974 0 0 -5.20974 0
19.83 0 5.20974 0 0 -5.20974 0
19.84 0 5.20974 0 0 -5.20974 0
19.85 0 5.20974 0 0 -5.20974 0
19.86 0 5.20974 0 0 -5.20974 0
19.87 0 5.20974 0 0 -5.20974 0
19.88 0 5.20974 0 0 -5.20974 0
19.89 0 5.20974 0 0 -5.20974 0
19.9 0 5.20974 0 0 -5.20974 0
19.91 0 5.20974 0 0 -5.20974 0
19.92 0 5.20974 0 0 -5.20974 0
19.93 0 5.20974 0 0 -5.20974 0
19.94 0 5.20974 0 0 -5.20974 0
19.95 0 5.20974 0 0 -5.20974 0
19.96 0 5.20974 0 0 -5.20974 0
19.97 0 5.20974 0 0 -5.20974 0
19.98 0 5.20974 0 0 -5.20974 0
19.99 0 5.20974 0 0 -5.20974 0
20 0 5.20974 0 0 -5.20974 0
20.01 0 5.20974 0 0 -5.20974 0
20.02 0 5.20974 0 0 -5.20974 0
20.03 0 5.20974 0 0 -5.20974 0
20.04 0 5.20974 0 0 -5.20974 0
20.05 0 5.20974 0 0 -5.20974 0
20.06 0 5.20974 0 0 -5.20974 0
20.07 0 5.20974 0 0 -5.20974 0
20.08 0 5.20974 0 0 -5.20974 0
20.09 0 5.20974 0 0 -5.20974 0
20.1 0 5.20974 0 0 -5.20974 0
20.11 0 5.20974 0 0 -5.20974 0
20.12 0 5.20974 0 0 -5.20974 0
20.13 0 5.20974 0 0 -5.20974 0
20.14 0 5.20974 0 0 -5.20974 0
20.15 0 5.20974 0 0 -5.20974 0
20.16 0 5.20974 0 0 -5.20974 0
20.17 0 5.20974 0 0 -5.20974 0
20.18 0 5.20974 0 0 -5.20974 0
20.19 0 5.20974 0 0 -5.20974 0
20.2 0 5.20974 0 0 -5.20974 0
20.21 0 5.20974 0 0 -5.20974 0
20.22 0 5.20974 0 0 -5.20974 0
20.23 0 5.20974 0 0 -5.20974 0
20.24 0 5.20974 0 0 -5.20974 0
20.25 0 5.20974 0 0 -5.20974 0
20.26 0 5.20974 0 0 -5.20974 0
20.27 0 5.20974 0 0 -5.20974 0
20.28 0 5.20974 0 0 -5.20974 0
20.29 0 5.20974 0 0 -5.20974 0
20.3 0 5.20974 0 0 -5.20974 0
20.31 0 5.20974 0 0 -5.20974 0
20.32 0 5.20974 0 0 -5.20974 0
20.33 0 5.20974 0 0 -5.20974 0
20.34 0 5.20974 0 0 -5.20974 0
20.35 0 5.20974 0 0 -5.20974 0
20.36 0 5.20974 0 0 -5.20974 0
20.37 0 5.20974 0 0 -5.20974 0
20.38 0 5.20974 0 0 -5.20974 0
20.39 0 5.20974 0 0 -5.20974 0
20.4 0 5.20974 0 0 -5.20974 0
20.41 0 5.04737 0 0 -5.04737 0
20.42 0 4.79246 0 0 -4.79246 0
20.43 0 4.5375 0 0 -4.5375 0
20.44 0 4.2825 0 0 -4.2825 0
20.45 0 4.18492 0 0 -4.18492 0
20.46 0 4.18506 0 0 -4.18506 0
20.47 0 4.18475 0 0 -4.18475 0
20.48 0 4.18486 0 0 -4.18486 0
20.49 0 4.18475 0 0 -4.18475 0
20.5 0 4.18477 0 0 -4.18477 0
20.51 0 4.18475 0 0 -4.18475 0
20.52 0 4.18475 0 0 -4.18475 0
20.53 0 4.18475 0 0 -4.18475 0
20.54 0 4.18475 0 0 -4.18475 0
20.55 0 4.18475 0 0 -4.18475 0
20.56 0 4.18475 0 0 -4.18475 0
20.57 0 4.18475 0 0 -4.18475 0
20.58 0 4.18475 0 0 -4.18475 0
20.59 0 4.18475 0 0 -4.18475 0
20.6 0 4.18475 0 0 -4.18475 0
20.61 0 4.18475 0 0 -4.18475 0
20.62 0 4.18475 0 0 -4.18475 0
20.63 0 4.18475 0 0 -4.18475 0
20.64 0 4.18475 0 0 -4.18475 0
20.65 0 4.18475 0 0 -4.18475 0
20.66 0 4.18475 0 0 -4.18475 0
20.67 0 4.18475 0 0 -4.18475 0
20.68 0 4.18475 0 0 -4.18475 0
20.69 0 4.18475 0 0 -4.18475 0
20.7 0 4.18475 0 0 -4.18475 0
20.71 0 4.18475 0 0 -4.18475 0
20.72 0 4.18475 0 0 -4.18475 0
20.73 0 4.18475 0 0 -4.18475 0
20.74 0 4.18475 0 0 -4.18475 0
20.75 0 4.18475 0 0 -4.18475 0
20.76 0 4.18475 0 0 -4.18475 0
20.77 0 4.18475 0 0 -4.18475 0
20.78 0 4.18475 0 0 -4.18475 0
20.79 0 4.18475 0 0 -4.18475 0
20.8 0 4.18475 0 0 -4.18475 0
20.81 0 4.18475 0 0 -4.18475 0
20.82 0 4.18475 0 0 -4.18475 0
20.83 0 4.18475 0 0 -4.18475 0
20.84 0 4.18475 0 0 -4.18475 0
20.85 0 4.18475 0 0 -4.18475 0
20.86 0 4.18475 0 0 -4.18475 0
20.87 0 4.18475 0 0 -4.18475 0
20.88 0 4.18475 0 0 -4.18475 0
20.89 0 4.18475 0 0 -4.18475 0
20.9 0 4.18475 0 0 -4.18475 0
20.91 0 4.18475 0 0 -4.18475 0
20.92 0 4.18475 0 0 -4.18475 0
20.93 0 4.18475 0 0 -4.18475 0
20.94 0 4.18475 0 0 -4.18475 0
20.95 0 4.18475 0 0 -4.18475 0
20.96 0 4.18475 0 0 -4.18475 0
20.97 0 4.18475 0 0 -4.18475 0
20.98 0 4.18475 0 0 -4.18475 0
20.99 0 4.18475 0 0 -4.18475 0
21 0 4.18475 0 0 -4.18475 0
21.01 0 4.18475 0 0 -4.18475 0
21.02 0 4.18475 0 0 -4.18475 0
21.03 0 4.18475 0 0 -4.18475 0
21.04 0 4.18475 0 0 -4.18475 0
21.05 0 4.18475 0 0 -4.18475 0
21.06 0 4.18475 0 0 -4.18475 0
21.07 0 4.18475 0 0 -4.18475 0
21.08 0 4.18475 0 0 -4.18475 0
21.09 0 4.18475 0 0 -4.18475 0
21.1 0 4.18475 0 0 -4.18475 0
21.11 0 4.18475 0 0 -4.18475 0
21.12 0 4.18475 0 0 -4.18475 0
21.13 0 4.18475 0 0 -4.18475 0
21.14 0 4.18475 0 0 -4.18475 0
21.15 0 4.18475 0 0 -4.18475 0
21.16 0 4.18475 0 0 -4.18475 0
21.17 0 4.18475 0 0 -4.18475 0
21.18 0 4.18475 0 0 -4.18475 0
21.19 0 4.18475 0 0 -4.18475 0
21.2 0 4.18475 0 0 -4.18475 0
21.21 0 4.18475 0 0 -4.18475 0
21.22 0 4.18475 0 0 -4.18475 0
21.23 0 4.18475 0 0 -4.18475 0
21.24 0 4.18475 0 0 -4.18475 0
21.25 0 4.18475 0 0 -4.18475 0
21.26 0 4.18475 0 0 -4.18475 0
21.27 0 4.18475 0 0 -4.18475 0
21.28 0 4.18475 0 0 -4.18475 0
21.29 0 4.18475 0 0 -4.18475 0
21.3 0 4.18475 0 0 -4.18475 0
21.31 0 4.18475 0 0 -4.18475 0
21.32 0 4.18475 0 0 -4.18475 0
21.33 0 4.18475 0 0 -4.18475 0
21.34 0 4.18475 0 0 -4.18475 0
21.35 0 4.18475 0 0 -4.18475 0
21.36 0 4.18475 0 0 -4.18475 0
21.37 0 4.18475 0 0 -4.18475 0
21.38 0 4.18475 0 0 -4.18475 0
21.39 0 4.18475 0 0 -4.18475 0
21.4 0 4.18475 0 0 -4.18475 0
21.41 0 4.18475 0 0 -4.18475 0
21.42 0 4.18475 0 0 -4.18475 0
21.43 0 4.18475 0 0 -4.18475 0
21.44 0 4.18475 0 0 -4.18475 0
21.45 0 4.18475 0 0 -4.18475 0
21.46 0 4.18475 0 0 -4.18475 0
21.47 0 4.18475 0 0 -4.18475 0
21.48 0 4.18475 0 0 -4.18475 0
21.49 0 4.18475 0 0 -4.18475 0
21.5 0 4.18475 0 0 -4.18475 0
21.51 0 4.18475 0 0 -4.18475 0
21.52 0 4.18475 0 0 -4.18475 0
21.53 0 4.18475 0 0 -4.18475 0
21.54 0 4.18475 0 0 -4.18475 0
21.55 0 4.18475 0 0 -4.18475 0
21.56 0 4.18475 0 0 -4.18475 0
21.57 0 4.18475 0 0 -4.18475 0
21.58 0 4.18475 0 0 -4.18475 0
21.59 0 4.18475 0 0 -4.18475 0
21.6 0 4.18475 0 0 -4.18475 0
21.61 0 4.18475 0 0 -4.18475 0
21.62 0 4.18475 0 0 -4.18475 0
21.63 0 4.18475 0 0 -4.18475 0
21.64 0 4.18475 0 0 -4.18475 0
21.65 0 4.18475 0 0 -4.18475 0
21.66 0 4.18475 0 0 -4.18475 0
21.67 0 4.18475 0 0 -4.18475 0
21.68 0 4.18475 0 0 -4.18475 0
21.69 0 4.18475 0 0 -4.18475 0
21.7 0 4.18475 0 0 -4.18475 0
21.71 0 4.18475 0 0 -4.18475 0
21.72 0 4.18475 0 0 -4.18475 0
21.73 0 4.18475 0 0 -4.18475 0
21.74 0 4.18475 0 0 -4.18475 0
21.75 0 4.18475 0 0 -4.18475 0
21.76 0 4.18475 0 0 -4.18475 0
21.77 0 4.06859 0 0 -4.06859 0
21.78 0 3.88691 0 0 -3.88691 0
21.79 0 3.70501 0 0 -3.70501 0
21.8 0 3.52297 0 0 -3.52297 0
21.81 0 3.52297 0 0 -3.52297 0
21.82 0 3.52297 0 0 -3.52297 0
21.83 0 3.52297 0 0 -3.52297 0
21.84 0 3.52297 0 0 -3.52297 0
21.85 0 3.52297 0 0 -3.52297 0
21.86 0 3.52297 0 0 -3.52297 0
21.87 0 3.52297 0 0 -3.52297 0
21.88 0 3.52297 0 0 -3.52297 0
21.89 0 3.52297 0 0 -3.52297 0
21.9 0 3.52297 0 0 -3.52297 0
21.91 0 3.52297 0 0 -3.52297 0
21.92 0 3.52297 0 0 -3.52297 0
21.93 0 3.52297 0 0 -3.52297 0
21.94 0 3.52297 0 0 -3.52297 0
21.95 0 3.52297 0 0 -3.52297 0
21.96 0 3.52297 0 0 -3.52297 0
21.97 0 3.52297 0 0 -3.52297 0
21.98 0 3.52297 0 0 -3.52297 0
21.99 0 3.52297 0 0 -3.52297 0
22 0 3.52297 0 0 -3.52297 0
22.01 0 3.52297 0 0 -3.52297 0
22.02 0 3.52297 0 0 -3.52297 0
22.03 0 3.52297 0 0 -3.52297 0
22.04 0 3.52297 0 0 -3.52297 0
22.05 0 3.52297 0 0 -3.52297 0
22.06 0 3.52297 0 0 -3.52297 0
22.07 0 3.52297 0 0 -3.52297 0
22.08 0 3.52297 0 0 -3.52297 0
22.09 0 3.52297 0 0 -3.52297 0
22.1 0 3.52297 0 0 -3.52297 0
22.11 0 3.52297 0 0 -3.52297 0
22.12 0 3.52297 0 0 -3.52297 0
22.13 0 3.52297 0 0 -3.52297 0
22.14 0 3.52297 0 0 -3.52297 0
22.15 0 3.52297 0 0 -3.52297 0
22.16 0 3.52297 0 0 -3.52297 0
22.17 0 3.52297 0 0 -3.52297 0
22.18 0 3.52297 0 0 -3.52297 0
22.19 0 3.52297 0 0 -3.52297 0
22.2 0 3.52297 0 0 -3.52297 0
22.21 0 3.52297 0 0 -3.52297 0
22.22 0 3.52297 0 0 -3.52297 0
22.23 0 3.52297 0 0 -3.52297 0
22.24 0 3.52297 0 0 -3.52297 0
22.25 0 3.52297 0 0 -3.52297 0
22.26 0 3.52297 0 0 -3.52297 0
22.27 0 3.52297 0 0 -3.52297 0
22.28 0 3.52297 0 0 -3.52297 0
22.29 0 3.52297 0 0 -3.52297 0
22.3 0 3.52297 0 0 -3.52297 0
22.31 0 3.52297 0 0 -3.52297 0
22.32 0 3.52297 0 0 -3.52297 0
22.33 0 3.52297 0 0 -3.52297 0
22.34 0 3.52297 0 0 -3.52297 0
22.35 0 3.52297 0 0 -3.52297 0
22.36 0 3.52297 0 0 -3.52297 0
22.37 0 3.52297 0 0 -3.52297 0
22.38 0 3.2646 0 0 -3.2646 0
22.39 0 2.92659 0 0 -2.92659 0
22.4 0 2.58845 0 0 -2.58845 0
22.41 0 2.42228 0 0 -2.42228 0
22.42 0 2.42228 0 0 -2.42228 0
22.43 0 2.42228 0 0 -2.42228 0
22.44 0 2.42228 0 0 -2.42228 0
22.45 0 2.42228 0 0 -2.42228 0
22.46 0 2.42228 0 0 -2.42228 0
22.47 0 2.42228 0 0 -2.42228 0
22.48 0 2.42228 0 0 -2.42228 0
22.49 0 2.42228 0 0 -2.42228 0
22.5 0 2.42228 0 0 -2.42228 0
22.51 0 2.42228 0 0 -2.42228 0
22.52 0 2.42228 0 0 -2.42228 0
22.53 0 2.42228 0 0 -2.42228 0
22.54 0 2.42228 0 0 -2.42228 0
22.55 0 2.42228 0 0 -2.42228 0
22.56 0 2.42228 0 0 -2.42228 0
22.57 0 2.42228 0 0 -2.42228 0
22.58 0 2.42228 0 0 -2.42228 0
22.59 0 2.42228 0 0 -2.42228 0
22.6 0 2.42228 0 0 -2.42228 0
22.61 0 2.42228 0 0 -2.42228 0
22.62 0 2.42228 0 0 -2.42228 0
22.63 0 2.42228 0 0 -2.42228 0
22.64 0 2.42228 0 0 -2.42228 0
22.65 0 2.42228 0 0 -2.42228 0
22.66 0 2.42228 0 0 -2.42228 0
22.67 0 2.42228 0 0 -2.42228 0
22.68 0 2.42228 0 0 -2.42228 0
22.69 0 2.42228 0 0 -2.42228 0
22.7 0 2.42228 0 0 -2.42228 0
22.71 0 2.42228 0 0 -2.42228 0
22.72 0 2.42228 0 0 -2.42228 0
22.73 0 2.42228 0 0 -2.42228 0
22.74 0 2.42228 0 0 -2.42228 0
22.75 0 2.42228 0 0 -2.42228 0
22.76 0 2.42228 0 0 -2.42228 0
22.77 0 2.42228 0 0 -2.42228 0
22.78 0 2.42228 0 0 -2.42228 0
22.79 0 2.42228 0 0 -2.42228 0
22.8 0 2.42228 0 0 -2.42228 0
22.81 0 2.42228 0 0 -2.42228 0
22.82 0 2.42228 0 0 -2.42228 0
22.83 0 2.42228 0 0 -2.42228 0
22.84 0 2.42228 0 0 -2.42228 0
22.85 0 2.42228 0 0 -2.42228 0
22.86 0 2.42228 0 0 -2.42228 0
22.87 0 2.42228 0 0 -2.42228 0
22.88 0 2.42228 0 0 -2.42228 0
22.89 0 2.42228 0 0 -2.42228 0
22.9 0 2.42228 0 0 -2.42228 0
22.91 0 2.42228 0 0 -2.42228 0
22.92 0 2.42228 0 0 -2.42228 0
22.93 0 2.42228 0 0 -2.42228 0
22.94 0 2.42228 0 0 -2.42228 0
22.95 0 2.42228 0 0 -2.42228 0
22.96 0 2.42228 0 0 -2.42228 0
22.97 0 2.42228 0 0 -2.42228 0
22.98 0 2.42228 0 0 -2.42228 0
22.99 0 2.42228 0 0 -2.42228 0
23 0 2.42228 0 0 -2.42228 0
23.01 0 2.42228 0 0 -2.42228 0
23.02 0 2.42228 0 0 -2.42228 0
23.03 0 2.42228 0 0 -2.42228 0
23.04 0 2.42228 0 0 -2.42228 0
23.05 0 2.42228 0 0 -2.42228 0
23.06 0 2.42228 0 0 -2.42228 0
23.07 0 2.42228 0 0 -2.42228 0
23.08 0 2.42228 0 0 -2.42228 0
23.09 0 2.42228 0 0 -2.42228 0
23.1 0 2.42228 0 0 -2.42228 0
23.11 0 2.42228 0 0 -2.42228 0
23.12 0 2.42228 0 0 -2.42228 0
23.13 0 2.42228 0 0 -2.42228 0
23.14 0 2.42228 0 0 -2.42228 0
23.15 0 2.42228 0 0 -2.42228 0
23.16 0 2.42228 0 0 -2.42228 0
23.17 0 2.42228 0 0 -2.42228 0
23.18 0 2.42228 0 0 -2.42228 0
23.19 0 2.42228 0 0 -2.42228 0
23.2 0 2.42228 0 0 -2.42228 0
23.21 0 2.42228 0 0 -2.42228 0
23.22 0 2.42228 0 0 -2.42228 0
23.23 0 2.42228 0 0 -2.42228 0
23.24 0 2.42228 0 0 -2.42228 0
23.25 0 2.42228 0 0 -2.42228 0
23.26 0 2.42228 0 0 -2.42228 0
23.27 0 2.42228 0 0 -2.42228 0
23.28 0 2.42228 0 0 -2.42228 0
23.29 0 2.42228 0 0 -2.42228 0
23.3 0 2.42228 0 0 -2.42228 0
23.31 0 2.42228 0 0 -2.42228 0
23.32 0 2.42228 0 0 -2.42228 0
23.33 0 2.42228 0 0 -2.42228 0
23.34 0 2.42228 0 0 -2.42228 0
23.35 0 2.42228 0 0 -2.42228 0
23.36 0 2.42228 0 0 -2.42228 0
23.37 0 2.42228 0 0 -2.42228 0
23.38 0 2.42228 0 0 -2.42228 0
23.39 0 2.42228 0 0 -2.42228 0
23.4 0 2.42228 0 0 -2.42228 0
23.41 0 2.42228 0 0 -2.42228 0
23.42 0 2.42228 0 0 -2.42228 0
23.43 0 2.42228 0 0 -2.42228 0
23.44 0 2.42228 0 0 -2.42228 0
23.45 0 2.42228 0 0 -2.42228 0
23.46 0 2.42228 0 0 -2.42228 0
23.47 0 2.42228 0 0 -2.42228 0
23.48 0 2.42228 0 0 -2.42228 0
23.49 0 2.42228 0 0 -2.42228 0
23.5 0 2.42228 0 0 -2.42228 0
23.51 0 2.42228 0 0 -2.42228 0
23.52 0 2.42228 0 0 -2.42228 0
23.53 0 2.42228 0 0 -2.42228 0
23.54 0 2.42228 0 0 -2.42228 0
23.55 0 2.42228 0 0 -2.42228 0
23.56 0 2.42228 0 0 -2.42228 0
23.57 0 2.42228 0 0 -2.42228 0
23.58 0 2.42228 0 0 -2.42228 0
23.59 0 2.42228 0 0 -2.42228 0
23.6 0 2.42228 0 0 -2.42228 0
23.61 0 2.42228 0 0 -2.42228 0
23.62 0 2.42228 0 0 -2.42228 0
23.63 0 2.42228 0 0 -2.42228 0
23.64 0 2.42228 0 0 -2.42228 0
23.65 0 2.42228 0 0 -2.42228 0
23.66 0 2.42228 0 0 -2.42228 0
23.67 0 2.42228 0 0 -2.42228 0
23.68 0 2.42228 0 0 -2.42228 0
23.69 0 2.42228 0 0 -2.42228 0
23.7 0 2.42228 0 0 -2.42228 0
23.71 0 2.42228 0 0 -2.42228 0
23.72 0 2.05733 0 0 -2.05733 0
23.73 0 1.67921 0 0 -1.67921 0
23.74 0 1.30105 0 0 -1.30105 0
23.75 0 0.922844 0 0 -0.922844 0
23.76 0 0.544617 0 0 -0.544617 0
23.77 0 0.544617 0 0 -0.544617 0
23.78 0 0.544617 0 0 -0.544617 0
23.79 0 0.544617 0 0 -0.544617 0
23.8 0 0.544617 0 0 -0.544617 0
23.81 0 0.544617 0 0 -0.544617 0
23.82 0 0.544617 0 0 -0.544617 0
23.83 0 0.544617 0 0 -0.544617 0
23.84 0 0.544617 0 0 -0.544617 0
23.85 0 0.544617 0 0 -0.544617 0
23.86 0 0.544617 0 0 -0.544617 0
23.87 0 0.544617 0 0 -0.544617 0
23.88 0 0.544617 0 0 -0.544617 0
23.89 0 0.544617 0 0 -0.544617 0
23.9 0 0.544617 0 0 -0.544617 0
23.91 0 0.544617 0 0 -0.544617 0
23.92 0 0.544617 0 0 -0.544617 0
23.93 0 0.544617 0 0 -0.544617 0
23.94 0 0.544617 0 0 -0.544617 0
23.95 0 0.544617 0 0 -0.544617 0
23.96 0 0.544617 0 0 -0.544617 0
23.97 0 0.544617 0 0 -0.544617 0
23.98 0 0.544617 0 0 -0.544617 0
23.99 0 0.544617 0 0 -0.544617 0
24 0 0.544617 0 0 -0.544617 0
24.01 0 0.544617 0 0 -0.544617 0
24.02 0 0.544617 0 0 -0.544617 0
24.03 0 0.544617 0 0 -0.544617 0
24.04 0 0.544617 0 0 -0.544617 0
24.05 0 0.544617 0 0 -0.544617 0
24.06 0 0.544617 0 0 -0.544617 0
24.07 0 0.544617 0 0 -0.544617 0
24.08 0 0.544617 0 0 -0.544617 0
24.09 0 0.544617 0 0 -0.544617 0
24.1 0 0.544617 0 0 -0.544617 0
24.11 0 0.544617 0 0 -0.544617 0
24.12 0 0.544617 0 0 -0.544617 0
24.13 0 0.544617 0 0 -0.544617 0
24.14 0 0.544617 0 0 -0.544617 0
24.15 0 0.544617 0 0 -0.544617 0
24.16 0 0.544617 0 0 -0.544617 0
24.17 0 0.544617 0 0 -0.544617 0
24.18 0 0.544617 0 0 -0.544617 0
24.19 0 0.544617 0 0 -0.544617 0
24.2 0 0.544617 0 0 -0.544617 0
24.21 0 0.544617 0 0 -0.544617 0
24.22 0 0.544617 0 0 -0.544617 0
24.23 0 0.544617 0 0 -0.544617 0
24.24 0 0.544617 0 0 -0.544617 0
24.25 0 0.544617 0 0 -0.544617 0
24.26 0 0.544617 0 0 -0.544617 0
24.27 0 0.544617 0 0 -0.544617 0
24.28 0 0.544617 0 0 -0.544617 0
24.29 0 0.544617 0 0 -0.544617 0
24.3 0 0.544617 0 0 -0.544617 0
24.31 0 0.544617 0 0 -0.544617 0
24.32 0 0.544617 0 0 -0.544617 0
24.33 0 0.544617 0 0 -0.544617 0
24.34 0 0.544617 0 0 -0.544617 0
24.35 0 0.544617 0 0 -0.544617 0
24.36 0 0.544617 0 0 -0.544617 0
24.37 0 0.544617 0 0 -0.544617 0
24.38 0 0.544617 0 0 -0.544617 0
24.39 0 0.544617 0 0 -0.544617 0
24.4 0 0.544617 0 0 -0.544617 0
24.41 0 0.544617 0 0 -0.544617 0
24.42 0 0.544617 0 0 -0.544617 0
24.43 0 0.544617 0 0 -0.544617 0
24.44 0 0.544617 0 0 -0.544617 0
24.45 0 0.544617 0 0 -0.544617 0
24.46 0 0.544617 0 0 -0.544617 0
24.47 0 0.544617 0 0 -0.544617 0
24.48 0 0.544617 0 0 -0.544617 0
24.49 0 0.544617 0 0 -0.544617 0
24.5 0 0.544617 0 0 -0.544617 0
24.51 0 0.544617 0 0 -0.544617 0
24.52 0 0.544617 0 0 -0.544617 0
24.53 0 0.544617 0 0 -0.544617 0
24.54 0 0.544617 0 0 -0.544617 0
24.55 0 0.544617 0 0 -0.544617 0
24.56 0 0.544617 0 0 -0.544617 0
24.57 0 0.544617 0 0 -0.544617 0
24.58 0 0.544617 0 0 -0.544617 0
24.59 0 0.544617 0 0 -0.544617 0
24.6 0 0.544617 0 0 -0.544617 0
24.61 0 0.544617 0 0 -0.544617 0
24.62 0 0.544617 0 0 -0.544617 0
24.63 0 0.544617 0 0 -0.544617 0
24.64 0 0.544617 0 0 -0.544617 0
24.65 0 0.544617 0 0 -0.544617 0
24.66 0 0.544617 0 0 -0.544617 0
24.67 0 0.544617 0 0 -0.544617 0
24.68 0 0.544617 0 0 -0.544617 0
24.69 0 0.544617 0 0 -0.544617 0
24.7 0 0.544617 0 0 -0.544617 0
24.71 0 0.544617 0 0 -0.544617 0
24.72 0 0.544617 0 0 -0.544617 0
24.73 0 0.544617 0 0 -0.544617 0
24.74 0 0.544617 0 0 -0.544617 0
24.75 0 0.544617 0 0 -0.544617 0
24.76 0 0.544617 0 0 -0.544617 0
24.77 0 0.544617 0 0 -0.544617 0
24.78 0 0.544617 0 0 -0.544617 0
24.79 0 0.544617 0 0 -0.544617 0
24.8 0 0.544617 0 0 -0.544617 0
24.81 0 0.544617 0 0 -0.544617 0
24.82 0 0.544617 0 0 -0.544617 0
24.83 0 0.544617 0 0 -0.544617 0
24.84 0 0.544617 0 0 -0.544617 0
24.85 0 0.544617 0 0 -0.544617 0
24.86 0 0.544617 0 0 -0.544617 0
24.87 0 0.544617 0 0 -0.544617 0
24.88 0 0.544617 0 0 -0.544617 0
24.89 0 0.544617 0 0 -0.544617 0
24.9 0 0.544617 0 0 -0.544617 0
24.91 0 0.544617 0 0 -0.544617 0
24.92 0 0.544617 0 0 -0.544617 0
24.93 0 0.544617 0 0 -0.544617 0
24.94 0 0.544617 0 0 -0.544617 0
24.95 0 0.544617 0 0 -0.544617 0
24.96 0 0.544617 0 0 -0.544617 0
24.97 0 0.544617 0 0 -0.544617 0
24.98 0 0.544617 0 0 -0.544617 0
24.99 0 0.544617 0 0 -0.544617 0
25 0 0.544617 0 0 -0.544617 0
25.01 0 0.544617 0 0 -0.544617 0
25.02 0 0.544617 0 0 -0.544617 0
25.03 0 0.544617 0 0 -0.544617 0
25.04 0 0.544617 0 0 -0.544617 0
25.05 0 0.544617 0 0 -0.544617 0
25.06 0 0.544617 0 0 -0.544617 0
25.07 0 0.544617 0 0 -0.544617 0
25.08 0 0.544617 0 0 -0.544617 0
25.09 0 0.544617 0 0 -0.544617 0
25.1 0 0.544617 0 0 -0.544617 0
25.11 0 0.341257 0 0 -0.341257 0
25.12 0 0.0499883 0 0 -0.0499883 0
25.13 0 0.0499883 0 0 -0.0499883 0
25.14 0 0.0499883 0 0 -0.0499883 0
25.15 0 0.0499883 0 0 -0.0499883 0
25.16 0 0.0499883 0 0 -0.0499883 0
25.17 0 0.0499883 0 0 -0.0499883 0
25.18 0 0.0499883 0 0 -0.0499883 0
25.19 0 0.0499883 0 0 -0.0499883 0
25.2 0 0.0499883 0 0 -0.0499883 0
25.21 0 0.0499883 0 0 -0.0499883 0
25.22 0 0.0499883 0 0 -0.0499883 0
25.23 0 0.0499883 0 0 -0.0499883 0
25.24 0 0.0499883 0 0 -0.0499883 0
25.25 0 0.0499883 0 0 -0.0499883 0
25.26 0 0.0499883 0 0 -0.0499883 0
25.27 0 0.0499883 0 0 -0.0499883 0
25.28 0 0.0499883 0 0 -0.0499883 0
25.29 0 0.0499883 0 0 -0.0499883 0
25.3 0 0.0499883 0 0 -0.0499883 0
25.31 0 0.0499883 0 0 -0.0499883 0
25.32 0 0.0499883 0 0 -0.0499883 0
25.33 0 0.0499883 0 0 -0.0499883 0
25.34 0 0.0499883 0 0 -0.0499883 0
25.35 0 0.0499883 0 0 -0.0499883 0
25.36 0 0.0499883 0 0 -0.0499883 0
25.37 0 0.0499883 0 0 -0.0499883 0
25.38 0 0.0499883 0 0 -0.0499883 0
25.39 0 0.0499883 0 0 -0.0499883 0
25.4 0 0.0499883 0 0 -0.0499883 0
25.41 0 0.0499883 0 0 -0.0499883 0
25.42 0 0.0499883 0 0 -0.0499883 0
25.43 0 0.0499883 0 0 -0.0499883 0
25.44 0 0.0499883 0 0 -0.0499883 0
25.45 0 0.0499883 0 0 -0.0499883 0
25.46 0 0.0499883 0 0 -0.0499883 0
25.47 0 0.0499883 0 0 -0.0499883 0
25.48 0 0.0499883 0 0 -0.0499883 0
25.49 0 0.0499883 0 0 -0.0499883 0
25.5 0 0.0499883 0 0 -0.0499883 0
25.51 0 0.0499883 0 0 -0.0499883 0
25.52 0 0.0499883 0 0 -0.0499883 0
25.53 0 0.0499883 0 0 -0.0499883 0
25.54 0 0.0499883 0 0 -0.0499883 0
25.55 0 0.0499883 0 0 -0.0499883 0
25.56 0 0.0499883 0 0 -0.0499883 0
25.57 0 0.0499883 0 0 -0.0499883 0
25.58 0 0.0499883 0 0 -0.0499883 0
25.59 0 0.0499883 0 0 -0.0499883 0
25.6 0 0.0499883 0 0 -0.0499883 0
25.61 0 0.0499883 0 0 -0.0499883 0
25.62 0 0.0499883 0 0 -0.0499883 0
25.63 0 0.0499883 0 0 -0.0499883 0
25.64 0 0.0499883 0 0 -0.0499883 0
25.65 0 0.0499883 0 0 -0.0499883 0
25.66 0 0.0499883 0 0 -0.0499883 0
25.67 0 0.0499883 0 0 -0.0499883 0
25.68 0 0.0499883 0 0 -0.0499883 0
25.69 0 0.0499883 0 0 -0.0499883 0
25.7 0 0.0499883 0 0 -0.0499883 0
25.71 0 0.0499883 0 0 -0.0499883 0
25.72 0 0.0499883 0 0 -0.0499883 0
25.73 0 0.0499883 0 0 -0.0499883 0
25.74 0 0.0499883 0 0 -0.0499883 0
25.75 0 0.0499883 0 0 -0.0499883 0
25.76 0 0.0499883 0 0 -0.0499883 0
25.77 0 0.0499883 0 0 -0.0499883 0
25.78 0 0.0499883 0 0 -0.0499883 0
25.79 0 0.0499883 0 0 -0.0499883 0
25.8 0 0.0499883 0 0 -0.0499883 0
25.81 0 0.0499883 0 0 -0.0499883 0
25.82 0 0.0499883 0 0 -0.0499883 0
25.83 0 0.0499883 0 0 -0.0499883 0
25.84 0 0.0499883 0 0 -0.0499883 0
25.85 0 0.0499883 0 0 -0.0499883 0
25.86 0 0.0499883 0 0 -0.0499883 0
25.87 0 0.0499883 0 0 -0.0499883 0
25.88 0 0.0499883 0 0 -0.0499883 0
25.89 0 0.0499883 0 0 -0.0499883 0
25.9 0 0.0499883 0 0 -0.0499883 0
25.91 0 0.0499883 0 0 -0.0499883 0
25.92 0 0.0499883 0 0 -0.0499883 0
25.93 0 0.0499883 0 0 -0.0499883 0
25.94 0 0.0499883 0 0 -0.0499883 0
25.95 0 0.0499883 0 0 -0.0499883 0
25.96 0 0.0499883 0 0 -0.0499883 0
25.97 0 0.0499883 0 0 -0.0499883 0
25.98 0 0.0499883 0 0 -0.0499883 0
25.99 0 0.0499883 0 0 -0.0499883 0
26 0 0.0499883 0 0 -0.0499883 0
26.01 0 0.0499883 0 0 -0.0499883 0
26.02 0 0.0499883 0 0 -0.0499883 0
26.03 0 0.0499883 0 0 -0.0499883 0
26.04 0 0.0499883 0 0 -0.0499883 0
26.05 0 0.0499883 0 0 -0.0499883 0
26.06 0 0.0499883 0 0 -0.0499883 0
26.07 0 0.0499883 0 0 -0.0499883 0
26.08 0 0.0499883 0 0 -0.0499883 0
26.09 0 0.0499883 0 0 -0.0499883 0
26.1 0 0.0499883 0 0 -0.0499883 0
26.11 0 0.0499883 0 0 -0.0499883 0
26.12 0 0.0499883 0 0 -0.0499883 0
26.13 0 0.0499883 0 0 -0.0499883 0
26.14 0 0.0499883 0 0 -0.0499883 0
26.15 0 0.0499883 0 0 -0.0499883 0
26.16 0 0.0499883 0 0 -0.0499883 0
26.17 0 0.0499883 0 0 -0.0499883 0
26.18 0 0.0499883 0 0 -0.0499883 0
26.19 0 0.0499883 0 0 -0.0499883 0
26.2 0 0.0499883 0 0 -0.0499883 0
26.21 0 0.0499883 0 0 -0.0499883 0
26.22 0 0.0499883 0 0 -0.0499883 0
26.23 0 0.0499883 0 0 -0.0499883 0
26.24 0 0.0499883 0 0 -0.0499883 0
26.25 0 0.0499883 0 0 -0.0499883 0
26.26 0 0.0499883 0 0 -0.0499883 0
26.27 0 0.0499883 0 0 -0.0499883 0
26.28 0 0.0499883 0 0 -0.0499883 0
26.29 0 0.0499883 0 0 -0.0499883 0
26.3 0 0.0499883 0 0 -0.0499883 0
26.31 0 0.0499883 0 0 -0.0499883 0
26.32 0 0.0499883 0 0 -0.0499883 0
26.33 0 0.0499883 0 0 -0.0499883 0
26.34 0 0.0499883 0 0 -0.0499883 0
26.35 0 0.0499883 0 0 -0.0499883 0
26.36 0 0.0499883 0 0 -0.0499883 0
26.37 0 0.0499883 0 0 -0.0499883 0
26.38 0 0.0499883 0 0 -0.0499883 0
26.39 0 0.0499883 0 0 -0.0499883 0
26.4 0 0.0499883 0 0 -0.0499883 0
26.41 0 0.0499883 0 0 -0.0499883 0
26.42 0 0.0499883 0 0 -0.0499883 0
26.43 0 0.0499883 0 0 -0.0499883 0
26.44 0 0.0499883 0 0 -0.0499883 0
26.45 0 0.0499883 0 0 -0.0499883 0
26.46 0 0.0499883 0 0 -0.0499883 0
26.47 0 0.0499883 0 0 -0.0499883 0
26.48 0 0.0499883 0 0 -0.0499883 0
26.49 0 0.0499883 0 0 -0.0499883 0
26.5 0 0.0499883 0 0 -0.0499883 0
26.51 0 0.0499883 0 0 -0.0499883 0
26.52 0 0.0499883 0 0 -0.0499883 0
26.53 0 0.0499883 0 0 -0.0499883 0
26.54 0 0.0499883 0 0 -0.0499883 0
26.55 0 0.0499883 0 0 -0.0499883 0
26.56 0 0.0499883 0 0 -0.0499883 0
26.57 0 0.0499883 0 0 -0.0499883 0
26.58 0 0.0499883 0 0 -0.0499883 0
26.59 0 0.0499883 0 0 -0.0499883 0
26.6 0 0.0499883 0 0 -0.0499883 0
26.61 0 0.0499883 0 0 -0.0499883 0
26.62 0 0.0499883 0 0 -0.0499883 0
26.63 0 0.0499883 0 0 -0.0499883 0
26.64 0 0.0499883 0 0 -0.0499883 0
26.65 0 0.0499883 0 0 -0.0499883 0
26.66 0 0.0499883 0 0 -0.0499883 0
26.67 0 0.0499883 0 0 -0.0499883 0
26.68 0 0.0499883 0 0 -0.0499883 0
26.69 0 0.0499883 0 0 -0.0499883 0
26.7 0 0.0499883 0 0 -0.0499883 0
26.71 0 0.0499883 0 0 -0.0499883 0
26.72 0 0.0499883 0 0 -0.0499883 0
26.73 0 0.0499883 0 0 -0.0499883 0
26.74 0 0.0499883 0 0 -0.0499883 0
26.75 0 0.0499883 0 0 -0.0499883 0
26.76 0 0.0499883 0 0 -0.0499883 0
26.77 0 0.0499883 0 0 -0.0499883 0
26.78 0 0.0499883 0 0 -0.0499883 0
26.79 0 0.0499883 0 0 -0.0499883 0
26.8 0 0.0499883 0 0 -0.0499883 0
26.81 0 0.0499883 0 0 -0.0499883 0
26.82 0 0.0499883 0 0 -0.0499883 0
26.83 0 0.0499883 0 0 -0.0499883 0
26.84 0 0.0499883 0 0 -0.0499883 0
26.85 0 0.0499883 0 0 -0.0499883 0
26.86 0 0.0499883 0 0 -0.0499883 0
26.87 0 0.0499883 0 0 -0.0499883 0
26.88 0 0.0499883 0 0 -0.0499883 0
26.89 0 0.0499883 0 0 -0.0499883 0
26.9 0 0.0499883 0 0 -0.0499883 0
26.91 0 0.0499883 0 0 -0.0499883 0
26.92 0 0.0499883 0 0 -0.0499883 0
26.93 0 0.0499883 0 0 -0.0499883 0
26.94 0 0.0499883 0 0 -0.0499883 0
26.95 0 0.0499883 0 0 -0.0499883 0
26.96 0 0.0499883 0 0 -0.0499883 0
26.97 0 0.0499883 0 0 -0.0499883 0
26.98 0 0.0499883 0 0 -0.0499883 0
26.99 0 0.0499883 0 0 -0.0499883 0
27 0 0.0499883 0 0 -0.0499883 0
27.01 0 0.0499883 0 0 -0.0499883 0
27.02 0 0.0499883 0 0 -0.0499883 0
27.03 0 0.0499883 0 0 -0.0499883 0
27.04 0 0.0499883 0 0 -0.0499883 0
27.05 0 0.0499883 0 0 -0.0499883 0
27.06 0 0.0499883 0 0 -0.0499883 0
27.07 0 0.0499883 0 0 -0.0499883 0
27.08 0 0.0499883 0 0 -0.0499883 0
27.09 0 0.0499883 0 0 -0.0499883 0
27.1 0 0.0499883 0 0 -0.0499883 0
27.11 0 0.0499883 0 0 -0.0499883 0
27.12 0 0.0499883 0 0 -0.0499883 0
27.13 0 0.0499883 0 0 -0.0499883 0
27.14 0 0.0499883 0 0 -0.0499883 0
27.15 0 0.0499883 0 0 -0.0499883 0
27.16 0 0.0499883 0 0 -0.0499883 0
27.17 0 0.0499883 0 0 -0.0499883 0
27.18 0 0.0499883 0 0 -0.0499883 0
27.19 0 0.0499883 0 0 -0.0499883 0
27.2 0 0.0499883 0 0 -0.0499883 0
27.21 0 0.0499883 0 0 -0.0499883 0
27.22 0 0.0499883 0 0 -0.0499883 0
27.23 0 0.0499883 0 0 -0.0499883 0
27.24 0 0.0499883 0 0 -0.0499883 0
27.25 0 0.0499883 0 0 -0.0499883 0
27.26 0 0.0499883 0 0 -0.0499883 0
27.27 0 0.0499883 0 0 -0.0499883 0
27.28 0 0.0499883 0 0 -0.0499883 0
27.29 0 0.0499883 0 0 -0.0499883 0
27.3 0 0.0499883 0 0 -0.0499883 0
27.31 0 0.0499883 0 0 -0.0499883 0
27.32 0 0.0499883 0 0 -0.0499883 0
27.33 0 0.0499883 0 0 -0.0499883 0
27.34 0 0.0499883 0 0 -0.0499883 0
27.35 0 0.0499883 0 0 -0.0499883 0
27.36 0 0.0499883 0 0 -0.0499883 0
27.37 0 0.0499883 0 0 -0.0499883 0
27.38 0 0.0499883 0 0 -0.0499883 0
27.39 0 0.0499883 0 0 -0.0499883 0
27.4 0 0.0499883 0 0 -0.0499883 0
27.41 0 0.0499883 0 0 -0.0499883 0
27.42 0 0.0499883 0 0 -0.0499883 0
27.43 0 0.0499883 0 0 -0.0499883 0
27.44 0 0.0499883 0 0 -0.0499883 0
27.45 0 0.0499883 0 0 -0.0499883 0
27.46 0 0.0499883 0 0 -0.0499883 0
27.47 0 0.0499883 0 0 -0.0499883 0
27.48 0 0.0499883 0 0 -0.0499883 0
27.49 0 0.0499883 0 0 -0.0499883 0
27.5 0 0.0499883 0 0 -0.0499883 0
27.51 0 0.0499883 0 0 -0.0499883 0
27.52 0 0.0499883 0 0 -0.0499883 0
27.53 0 0.0499883 0 0 -0.0499883 0
27.54 0 0.0499883 0 0 -0.0499883 0
27.55 0 0.0499883 0 0 -0.0499883 0
27.56 0 0.0499883 0 0 -0.0499883 0
27.57 0 0.0499883 0 0 -0.0499883 0
27.58 0 0.0499883 0 0 -0.0499883 0
27.59 0 0.0499883 0 0 -0.0499883 0
27.6 0 0.0499883 0 0 -0.0499883 0
27.61 0 0.0499883 0 0 -0.0499883 0
27.62 0 0.0499883 0 0 -0.0499883 0
27.63 0 0.0499883 0 0 -0.0499883 0
27.64 0 0.0499883 0 0 -0.0499883 0
27.65 0 0.0499883 0 0 -0.0499883 0
27.66 0 0.0499883 0 0 -0.0499883 0
27.67 0 0.0499883 0 0 -0.0499883 0
27.68 0 0.0499883 0 0 -0.0499883 0
27.69 0 0.0499883 0 0 -0.0499883 0
27.7 0 0.0499883 0 0 -0.0499883 0
27.71 0 0.0499883 0 0 -0.0499883 0
27.72 0 0.0499883 0 0 -0.0499883 0
27.73 0 0.0499883 0 0 -0.0499883 0
27.74 0 0.0499883 0 0 -0.0499883 0
27.75 0 0.0499883 0 0 -0.0499883 0
27.76 0 0.0499883 0 0 -0.0499883 0
27.77 0 0.0499883 0 0 -0.0499883 0
27.78 0 0.0499883 0 0 -0.0499883 0
27.79 0 0.0499883 0 0 -0.0499883 0
27.8 0 0.0499883 0 0 -0.0499883 0
27.81 0 0.0499883 0 0 -0.0499883 0
27.82 0 0.0499883 0 0 -0.0499883 0
27.83 0 0.0499883 0 0 -0.0499883 0
27.84 0 0.0499883 0 0 -0.0499883 0
27.85 0 0.0499883 0 0 -0.0499883 0
27.86 0 0.0499883 0 0 -0.0499883 0
27.87 0 0.0499883 0 0 -0.0499883 0
27.88 0 0.0499883 0 0 -0.0499883 0
27.89 0 0.0499883 0 0 -0.0499883 0
27.9 0 0.0499883 0 0 -0.0499883 0
27.91 0 0.0499883 0 0 -0.0499883 0
27.92 0 0.0499883 0 0 -0.0499883 0
27.93 0 0.0499883 0 0 -0.0499883 0
27.94 0 0.0499883 0 0 -0.0499883 0
27.95 0 0.0499883 0 0 -0.0499883 0
27.96 0 0.0499883 0 0 -0.0499883 0
27.97 0 0.0499883 0 0 -0.0499883 0
27.98 0 0.0499883 0 0 -0.0499883 0
27.99 0 0.0499883 0 0 -0.0499883 0
28 0 0.0499883 0 0 -0.0499883 0
28.01 0 0.0499883 0 0 -0.0499883 0
28.02 0 0.0499883 0 0 -0.0499883 0
28.03 0 0.0499883 0 0 -0.0499883 0
28.04 0 0.0499883 0 0 -0.0499883 0
28.05 0 0.0499883 0 0 -0.0499883 0
28.06 0 0.0499883 0 0 -0.0499883 0
28.07 0 0.0499883 0 0 -0.0499883 0
28.08 0 0.0499883 0 0 -0.0499883 0
28.09 0 0.0499883 0 0 -0.0499883 0
28.1 0 0.0499883 0 0 -0.0499883 0
28.11 0 0.0499883 0 0 -0.0499883 0
28.12 0 0.0499883 0 0 -0.0499883 0
28.13 0 0.0499883 0 0 -0.0499883 0
28.14 0 0.0499883 0 0 -0.0499883 0
28.15 0 0.0499883 0 0 -0.0499883 0
28.16 0 0.0499883 0 0 -0.0499883 0
28.17 0 0.0499883 0 0 -0.0499883 0
28.18 0 0.0499883 0 0 -0.0499883 0
28.19 0 0.0499883 0 0 -0.0499883 0
28.2 0 0.0499883 0 0 -0.0499883 0
28.21 0 0.0499883 0 0 -0.0499883 0
28.22 0 0.0499883 0 0 -0.0499883 0
28.23 0 0.0499883 0 0 -0.0499883 0
28.24 0 0.0499883 0 0 -0.0499883 0
28.25 0 0.0499883 0 0 -0.0499883 0
28.26 0 0.0499883 0 0 -0.0499883 0
28.27 0 0.0499883 0 0 -0.0499883 0
28.28 0 0.0499883 0 0 -0.0499883 0
28.29 0 0.0499883 0 0 -0.0499883 0
28.3 0 0.0499883 0 0 -0.0499883 0
28.31 0 0.0499883 0 0 -0.0499883 0
28.32 0 0.0499883 0 0 -0.0499883 0
28.33 0 0.0499883 0 0 -0.0499883 0
28.34 0 0.0499883 0 0 -0.0499883 0
28.35 0 0.0499883 0 0 -0.0499883 0
28.36 0 0.0499883 0 0 -0.0499883 0
28.37 0 0.0499883 0 0 -0.0499883 0
28.38 0 0.0499883 0 0 -0.0499883 0
28.39 0 0.0499883 0 0 -0.0499883 0
28.4 0 0.0499883 0 0 -0.0499883 0
28.41 0 0.0499883 0 0 -0.0499883 0
28.42 0 0.0499883 0 0 -0.0499883 0
28.43 0 0.0499883 0 0 -0.0499883 0
28.44 0 0.0499883 0 0 -0.0499883 0
28.45 0 0.0499883 0 0 -0.0499883 0
28.46 0 0.0499883 0 0 -0.0499883 0
28.47 0 0.0499883 0 0 -0.0499883 0
28.48 0 0.0499883 0 0 -0.0499883 0
28.49 0 0.0499883 0 0 -0.0499883 0
28.5 0 0.0499883 0 0 -0.0499883 0
28.51 0 0.0499883 0 0 -0.0499883 0
28.52 0 0.0499883 0 0 -0.0499883 0
28.53 0 0.0499883 0 0 -0.0499883 0
28.54 0 0.0499883 0 0 -0.0499883 0
28.55 0 0.0499883 0 0 -0.0499883 0
28.56 0 0.0499883 0 0 -0.0499883 0
28.57 0 0.0499883 0 0 -0.0499883 0
28.58 0 0.0499883 0 0 -0.0499883 0
28.59 0 0.0499883 0 0 -0.0499883 0
28.6 0 0.0499883 0 0 -0.0499883 0
28.61 0 0.0499883 0 0 -0.0499883 0
28.62 0 0.0499883 0 0 -0.0499883 0
28.63 0 0.0499883 0 0 -0.0499883 0
28.64 0 0.0499883 0 0 -0.0499883 0
28.65 0 0.0499883 0 0 -0.0499883 0
28.66 0 0.0499883 0 0 -0.0499883 0
28.67 0 0.0499883 0 0 -0.0499883 0
28.68 0 0.0499883 0 0 -0.0499883 0
28.69 0 0.0499883 0 0 -0.0499883 0
28.7 0 0.0499883 0 0 -0.0499883 0
28.71 0 0.0499883 0 0 -0.0499883 0
28.72 0 0.0499883 0 0 -0.0499883 0
28.73 0 0.0499883 0 0 -0.0499883 0
28.74 0 0.0499883 0 0 -0.0499883 0
28.75 0 0.0499883 0 0 -0.0499883 0
28.76 0 0.0499883 0 0 -0.0499883 0
28.77 0 0.0499883 0 0 -0.0499883 0
28.78 0 0.0499883 0 0 -0.0499883 0
28.79 0 0.0499883 0 0 -0.0499883 0
28.8 0 0.0499883 0 0 -0.0499883 0
28.81 0 0.0499883 0 0 -0.0499883 0
28.82 0 0.0499883 0 0 -0.0499883 0
28.83 0 0.0499883 0 0 -0.0499883 0
28.84 0 0.0499883 0 0 -0.0499883 0
28.85 0 0.0499883 0 0 -0.0499883 0
28.86 0 0.0499883 0 0 -0.0499883 0
28.87 0 0.0499883 0 0 -0.0499883 0
28.88 0 0.0499883 0 0 -0.0499883 0
28.89 0 0.0499883 0 0 -0.0499883 0
28.9 0 0.0499883 0 0 -0.0499883 0
28.91 0 0.0499883 0 0 -0.0499883 0
28.92 0 0.0499883 0 0 -0.0499883 0
28.93 0 0.0499883 0 0 -0.0499883 0
28.94 0 0.0499883 0 0 -0.0499883 0
28.95 0 0.0499883 0 0 -0.0499883 0
28.96 0 0.0499883 0 0 -0.0499883 0
28.97 0 0.0499883 0 0 -0.0499883 0
28.98 0 0.0499883 0 0 -0.0499883 0
28.99 0 0.0499883 0 0 -0.0499883 0
29 0 0.0499883 0 0 -0.0499883 0
29.01 0 0.0499883 0 0 -0.0499883 0
29.02 0 0.0499883 0 0 -0.0499883 0
29.03 0 0.0499883 0 0 -0.0499883 0
29.04 0 0.0499883 0 0 -0.0499883 0
29.05 0 0.0499883 0 0 -0.0499883 0
29.06 0 0.0499883 0 0 -0.0499883 0
29.07 0 0.0499883 0 0 -0.0499883 0
29.08 0 0.0499883 0 0 -0.0499883 0
29.09 0 0.0499883 0 0 -0.0499883 0
29.1 0 0.0499883 0 0 -0.0499883 0
29.11 0 0.0499883 0 0 -0.0499883 0
29.12 0 0.0499883 0 0 -0.0499883 0
29.13 0 0.0499883 0 0 -0.0499883 0
29.14 0 0.0499883 0 0 -0.0499883 0
29.15 0 0.0499883 0 0 -0.0499883 0
29.16 0 0.0499883 0 0 -0.0499883 0
29.17 0 0.0499883 0 0 -0.0499883 0
29.18 0 0.0499883 0 0 -0.0499883 0
29.19 0 0.0499883 0 0 -0.0499883 0
29.2 0 0.0499883 0 0 -0.0499883 0
29.21 0 0.0499883 0 0 -0.0499883 0
29.22 0 0.0499883 0 0 -0.0499883 0
29.23 0 0.0499883 0 0 -0.0499883 0
29.24 0 0.0499883 0 0 -0.0499883 0
29.25 0 0.0499883 0 0 -0.0499883 0
29.26 0 0.0499883 0 0 -0.0499883 0
29.27 0 0.0499883 0 0 -0.0499883 0
29.28 0 0.0499883 0 0 -0.0499883 0
29.29 0 0.0499883 0 0 -0.0499883 0
29.3 0 0.0499883 0 0 -0.0499883 0
29.31 0 0.0499883 0 0 -0.0499883 0
29.32 0 0.0499883 0 0 -0.0499883 0
29.33 0 0.0499883 0 0 -0.0499883 0
29.34 0 0.0499883 0 0 -0.0499883 0
29.35 0 0.0499883 0 0 -0.0499883 0
29.36 0 0.0499883 0 0 -0.0499883 0
29.37 0 0.0499883 0 0 -0.0499883 0
29.38 0 0.0499883 0 0 -0.0499883 0
29.39 0 0.0499883 0 0 -0.0499883 0
29.4 0 0.0499883 0 0 -0.0499883 0
29.41 0 0.0499883 0 0 -0.0499883 0
29.42 0 0.0499883 0 0 -0.0499883 0
29.43 0 0.0499883 0 0 -0.0499883 0
29.44 0 0.0499883 0 0 -0.0499883 0
29.45 0 0.0499883 0 0 -0.0499883 0
29.46 0 0.0499883 0 0 -0.0499883 0
29.47 0 0.0499883 0 0 -0.0499883 0
29.48 0 0.0499883 0 0 -0.0499883 0
29.49 0 0.0499883 0 0 -0.0499883 0
29.5 0 0.0499883 0 0 -0.0499883 0
29.51 0 0.0499883 0 0 -0.0499883 0
29.52 0 0.0499883 0 0 -0.0499883 0
29.53 0 0.0499883 0 0 -0.0499883 0
29.54 0 0.0499883 0 0 -0.0499883 0
29.55 0 0.0499883 0 0 -0.0499883 0
29.56 0 0.0499883 0 0 -0.0499883 0
29.57 0 0.0499883 0 0 -0.0499883 0
29.58 0 0.0499883 0 0 -0.0499883 0
29.59 0 0.0499883 0 0 -0.0499883 0
29.6 0 0.0499883 0 0 -0.0499883 0
29.61 0 0.0499883 0 0 -0.0499883 0
29.62 0 0.0499883 0 0 -0.0499883 0
29.63 0 0.0499883 0 0 -0.0499883 0
29.64 0 0.0499883 0 0 -0.0499883 0
29.65 0 0.0499883 0 0 -0.0499883 0
29.66 0 0.0499883 0 0 -0.0499883 0
29.67 0 0.0499883 0 0 -0.0499883 0
29.68 0 0.0499883 0 0 -0.0499883 0
29.69 0 0.0499883 0 0 -0.0499883 0
29.7 0 0.0499883 0 0 -0.0499883 0
29.71 0 0.0499883 0 0 -0.0499883 0
29.72 0 0.0499883 0 0 -0.0499883 0
29.73 0 0.0499883 0 0 -0.0499883 0
29.74 0 0.0499883 0 0 -0.0499883 0
29.75 0 0.0499883 0 0 -0.0499883 0
29.76 0 0.0499883 0 0 -0.0499883 0
29.77 0 0.0499883 0 0 -0.0499883 0
29.78 0 0.0499883 0 0 -0.0499883 0
29.79 0 0.0499883 0 0 -0.0499883 0
29.8 0 0.0499883 0 0 -0.0499883 0
29.81 0 0.0499883 0 0 -0.0499883 0
29.82 0 0.0499883 0 0 -0.0499883 0
29.83 0 0.0499883 0 0 -0.0499883 0
29.84 0 0.0499883 0 0 -0.0499883 0
29.85 0 0.0499883 0 0 -0.0499883 0
29.86 0 0.0499883 0 0 -0.0499883 0
29.87 0 0.0499883 0 0 -0.0499883 0
29.88 0 0.0499883 0 0 -0.0499883 0
29.89 0 0.0499883 0 0 -0.0499883 0
29.9 0 0.0499883 0 0 -0.0499883 0
29.91 0 0.0499883 0 0 -0.0499883 0
29.92 0 0.0499883 0 0 -0.0499883 0
29.93 0 0.0499883 0 0 -0.0499883 0
29.94 0 0.0499883 0 0 -0.0499883 0
29.95 0 0.0499883 0 0 -0.0499883 0
29.96 0 0.0499883 0 0 -0.0499883 0
29.97 0 0.0499883 0 0 -0.0499883 0
29.98 0 0.0499883 0 0 -0.0499883 0
29.99 0 0.0499883 0 0 -0.0499883 0
30 0 0.0499883 0 0 -0.0499883 0
30.01 0 0.0499883 0 0 -0.0499883 0
30.02 0 0.0499883 0 0 -0.0499883 0
30.03 0 0.0499883 0 0 -0.0499883 0
30.04 0 0.0499883 0 0 -0.0499883 0
30.05 0 0.0499883 0 0 -0.0499883 0
30.06 0 0.0499883 0 0 -0.0499883 0
30.07 0 0.0499883 0 0 -0.0499883 0
30.08 0 0.0499883 0 0 -0.0499883 0
30.09 0 0.0499883 0 0 -0.0499883 0
30.1 0 0.0499883 0 0 -0.0499883 0
30.11 0 0.0499883 0 0 -0.0499883 0
30.12 0 0.0499883 0 0 -0.0499883 0
30.13 0 0.0499883 0 0 -0.0499883 0
30.14 0 0.0499883 0 0 -0.0499883 0
30.15 0 0.0499883 0 0 -0.0499883 0
30.16 0 0.0499883 0 0 -0.0499883 0
30.17 0 0.0499883 0 0 -0.0499883 0
30.18 0 0.0499883 0 0 -0.0499883 0
30.19 0 0.0499883 0 0 -0.0499883 0
30.2 0 0.0499883 0 0 -0.0499883 0
30.21 0 0.0499883 0 0 -0.0499883 0
30.22 0 0.0499883 0 0 -0.0499883 0
30.23 0 0.0499883 0 0 -0.0499883 0
30.24 0 0.0499883 0 0 -0.0499883 0
30.25 0 0.0499883 0 0 -0.0499883 0
30.26 0 0.0499883 0 0 -0.0499883 0
30.27 0 0.0499883 0 0 -0.0499883 0
30.28 0 0.0499883 0 0 -0.0499883 0
30.29 0 0.0499883 0 0 -0.0499883 0
30.3 0 0.0499883 0 0 -0.0499883 0
30.31 0 0.0499883 0 0 -0.0499883 0
30.32 0 0.0499883 0 0 -0.0499883 0
30.33 0 0.0499883 0 0 -0.0499883 0
30.34 0 0.0499883 0 0 -0.0499883 0
30.35 0 0.0499883 0 0 -0.0499883 0
30.36 0 0.0499883 0 0 -0.0499883 0
30.37 0 0.0499883 0 0 -0.0499883 0
30.38 0 0.0499883 0 0 -0.0499883 0
30.39 0 0.0499883 0 0 -0.0499883 0
30.4 0 0.0499883 0 0 -0.0499883 0
30.41 0 0.0499883 0 0 -0.0499883 0
30.42 0 0.0499883 0 0 -0.0499883 0
30.43 0 0.0499883 0 0 -0.0499883 0
30.44 0 0.0499883 0 0 -0.0499883 0
30.45 0 0.0499883 0 0 -0.0499883 0
30.46 0 0.0499883 0 0 -0.0499883 0
30.47 0 0.0499883 0 0 -0.0499883 0
30.48 0 0.0499883 0 0 -0.0499883 0
30.49 0 0.0499883 0 0 -0.0499883 0
30.5 0 0.0499883 0 0 -0.0499883 0
30.51 0 0.0499883 0 0 -0.0499883 0
30.52 0 0.0499883 0 0 -0.0499883 0
30.53 0 0.0499883 0 0 -0.0499883 0
30.54 0 0.0499883 0 0 -0.0499883 0
30.55 0 0.0499883 0 0 -0.0499883 0
30.56 0 0.0499883 0 0 -0.0499883 0
30.57 0 0.0499883 0 0 -0.0499883 0
30.58 0 0.0499883 0 0 -0.0499883 0
30.59 0 0.0499883 0 0 -0.0499883 0
30.6 0 0.0499883 0 0 -0.0499883 0
30.61 0 0.0499883 0 0 -0.0499883 0
30.62 0 0.0499883 0 0 -0.0499883 0
30.63 0 0.0499883 0 0 -0.0499883 0
30.64 0 0.0499883 0 0 -0.0499883 0
30.65 0 0.0499883 0 0 -0.0499883 0
30.66 0 0.0499883 0 0 -0.0499883 0
30.67 0 0.0499883 0 0 -0.0499883 0
30.68 0 0.0499883 0 0 -0.0499883 0
30.69 0 0.0499883 0 0 -0.0499883 0
30.7 0 0.0499883 0 0 -0.0499883 0
30.71 0 0.0499883 0 0 -0.0499883 0
30.72 0 0.0499883 0 0 -0.0499883 0
30.73 0 0.0499883 0 0 -0.0499883 0
30.74 0 0.0499883 0 0 -0.0499883 0
30.75 0 0.0499883 0 0 -0.0499883 0
30.76 0 0.0499883 0 0 -0.0499883 0
30.77 0 0.0499883 0 0 -0.0499883 0
30.78 0 0.0499883 0 0 -0.0499883 0
30.79 0 0.0499883 0 0 -0.0499883 0
30.8 0 0.0499883 0 0 -0.0499883 0
30.81 0 0.0499883 0 0 -0.0499883 0
30.82 0 0.0499883 0 0 -0.0499883 0
30.83 0 0.0499883 0 0 -0.0499883 0
30.84 0 0.0499883 0 0 -0.0499883 0
30.85 0 0.0499883 0 0 -0.0499883 0
30.86 0 0.0499883 0 0 -0.0499883 0
30.87 0 0.0499883 0 0 -0.0499883 0
30.88 0 0.0499883 0 0 -0.0499883 0
30.89 0 0.0499883 0 0 -0.0499883 0
30.9 0 0.0499883 0 0 -0.0499883 0
30.91 0 0.0499883 0 0 -0.0499883 0
30.92 0 0.0499883 0 0 -0.0499883 0
30.93 0 0.0499883 0 0 -0.0499883 0
30.94 0 0.0499883 0 0 -0.0499883 0
30.95 0 0.0499883 0 0 -0.0499883 0
30.96 0 0.0499883 0 0 -0.0499883 0
30.97 0 0.0499883 0 0 -0.0499883 0
30.98 0 0.0499883 0 0 -0.0499883 0
30.99 0 0.0499883 0 0 -0.0499883 0
